6: 1549 1548 1881 2256 2318 3732 3733
10: 3591 2324 3398 3407 3406 3741
17: 1772 1778 1944 3264
20: 3484 1785 1890 3010 3011 3019 3896
27: 3030 2165 3369 3203 3482 3772
51: 1731 1514 2926 3101 3100 3548
53: 1686 2205 1956 1957 2204 2567 3005
62: 248 1782 1783 2938 3505
65: 3587 2569 1968 2778 2779 3103
66: 116 1601 3661 3723 2929
75: 928 1671 2953 3335
116: 1601 2929 66 1600 1980 1981 3706 3707
138: 1544 1397 3664 2994 3266 3512
141: 1048 2304 1588 2242 2305 2967
146: 1582 1583 1616 2318 3041 3733
148: 2460 3328 3785 2038 2461 2576 2698
152: 1595 2480 2444 2488 2489 2581
159: 603 2447 1259 1769 2087 2648
166: 3613 3177 3898 2043 2954 3097
177: 2834 2180 2440 3358 3359 3734 3735 3895
178: 3892 1937 1468 2402 2810 3004 3005
187: 3692 3382 2435 1133 2517 3768
192: 1635 1688 2357 3731 2651 3730
208: 1016 2564 3563 3656 3149
212: 3424 841 2232 2233 2862 2863 3196
213: 3778 3062 3251 2677 2700 2725 2724
218: 3226 1389 1354 1907 2584 3227 3547
229: 2763 2725 2250 2762 2927 3215
248: 2125 1405 1782 62 3505
250: 2052 1032 1454 1608 1644 2240
252: 2911 1427 1796 1797 2804 3051
260: 3574 1026 1372 1910 1874 3465 3575
261: 732 2930 595 2337 2033 2254 2255
263: 3634 441 1866 1867 2897 3125 3786 3787
307: 2806 1485 2355 2375 2746 2999
312: 2885 1830 2876 2877 3122 3627 3626
313: 3463 2852 3537 2286 2287 2701
317: 2336 2189 1068 2188 3356 3443
326: 2045 2354 1010 1580 1853 1995
334: 1452 3543 2114 2132 2483 2680
341: 1372 1306 2055 1911 1910 2054 2668
380: 1448 1449 1872 3355 3544 3593 3592
382: 542 1454 2240 3462 3798
390: 2149 3506 2529 1814 2821 3003 3507
403: 2231 826 3716 1273 1963 3717
407: 590 1598 2469 3017 3166 3681 3680
428: 2905 2904 3831 1386 1916 2174 2175
441: 3125 3634 263 1958 1972 3021
442: 1436 2988 1380 1403 3876 2989
445: 1391 672 2088 1899 1423 692
465: 1722 1909 2275 2618 2965 2619 2660
474: 2190 510 3601 2075 2191 2577 3600
476: 2506 2268 2099 3207 3296
497: 1502 725 1706 1883 2342 3607
507: 1794 1623 3136 3137 3689
510: 474 3601 2576 2577 3223 3784
511: 2259 2279 2344 2345 2470 2471 3648
515: 2958 1429 1606 1607 2959 2546 2547
523: 1332 1026 2341 3464 3465 3863
542: 3798 382 3462 2853 1891 3434 2852 3435
544: 3856 1359 2047 2065 2100 2101
546: 1343 2880 1325 3452 2523 2752 2753
547: 3175 1962 1963 2231 3034 3174
557: 2235 3092 2262 2234 2738 2739
581: 1443 2813 1625 3084 3085 3719
590: 407 2469 2417 2468 2603 3680
591: 3824 2883 3106 2226 3415 3822 3823
595: 261 2032 3715 2033 2928 2930 3706
597: 2449 1459 1648 1649 1725 2310 2311
600: 3846 1432 2288 3096 3252 3253
603: 2087 159 2416 2648 2649 3187 3488
613: 3590 1966 1935 2324 2531 3676
633: 1597 2356 3103 1596 1689 3102 3586
635: 1411 2166 1621 1902 2167 2637 3703
636: 1977 3359 3734 2465 1751 2162 2163
638: 3488 2937 2087 3295 3344 3489
652: 1618 1569 1650 1808 2673 3602
653: 1414 1491 3535 2160 2916 3534
664: 1011 3672 1937 3614 3892 3893
670: 3053 3644 1768 1960 1961 3052 3645
672: 445 3562 692 1402 2088
673: 2066 2067 2922 3227 3226 3759 3811
678: 2053 3378 2561 2052 2241 2560 3279
679: 2645 2837 1624 1949 2644 2812
681: 2846 2472 3121 3386 3387 3604 3677
692: 1423 445 672 1402 1980 1981 2222 2223
705: 2333 1276 1548 2214 2850 3837
709: 2292 2755 3232 1674 1955 2293
725: 497 1564 2342 3194 1502 1503 1529
729: 3230 1592 1593 1991 3451 3486
732: 3208 2254 261 2336 2337 3523
734: 3556 3502 2074 2075 3260 3503 3663
736: 1950 1921 2482 2439 1920 3420
753: 3838 3528 1544 1628 1692 3512
775: 1430 1425 2001 3349 2068 3499 3640
778: 2537 2536 1875 1874 1910 1911
784: 3746 1923 2293 3232 2429 3233
799: 3008 2476 1162 2228 2302 1704 2303
814: 3148 3883 1418 2244 2787 1600 2611
821: 2458 2491 2966 1474 1475 1791 2305
826: 403 1963 2624 1934 1935 2625 2971 3716
832: 3300 1359 2767 3080 3678 3856 3857
837: 1931 3184 3124 1506 2831 3020 3185
841: 212 1437 3197 2988 2233 2353 3196
859: 3107 2882 1255 1551 1766 2704
887: 1901 1409 1603 1638 1667 2269 2268
891: 1647 1968 2504 2569 3610 3611
900: 2496 3642 1408 1605 3242 3243 3643
901: 1144 1433 1771 1803 2129 3468
909: 3032 3263 3599 3744 2076 2077 3598
912: 1059 1312 1593 2620 2621 2789 3487
918: 2851 2501 2707 3620 3836 3837
919: 1845 2184 3429 1682 1732 2899
928: 2952 75 3090 1671 2953 3813
963: 1349 1426 3524 1984 2264 3189
974: 2696 2527 1542 2457 2456 2526 2697
981: 3198 2563 2989 3738 3876 3877
992: 3254 3724 3077 2856 3130 3725
1002: 2463 1636 1535 1426 1637 2092
1010: 2589 326 1420 2354 2044 2045
1011: 1530 3614 664 3286 3672 3673
1016: 2900 208 1685 2089 2564 3562 3563
1026: 1332 1036 260 523 3465 3574
1032: 2650 3578 1608 250 2052 2651
1036: 1332 1026 3234 3235 3574 3800 3801
1043: 3052 1884 2634 2635 3044 3608
1048: 2824 2242 141 2243 2299 2304 2663
1059: 1403 912 2789 3487 3876 3877
1065: 1609 2197 2558 3089 3579
1068: 317 3356 1976 2845 1750 1751 2189
1073: 2510 3693 1850 2314 2716
1101: 3436 1747 2338 3128 3476 3880 3881
1133: 187 3307 2090 2435 3209 3306 3382
1140: 3016 2319 2842 1466 1467 2283 3040
1144: 1996 1433 901 1803 1997 2206
1145: 1777 2908 1632 1739 2909 3752
1153: 3453 3726 2411 1707 2522
1156: 1395 1989 2374 2375 2657 2962 3396
1162: 1421 799 2228 2368 3008 3009
1166: 1746 2891 2890 2187 2495 3312
1176: 1215 3255 1828 2424 2476 2477 2878
1179: 2505 3426 3653 3572 2394 3652 3834
1198: 2481 2059 3782 2327 3646 3668 3669
1210: 3239 1590 1591 2016 2017 3229 3770
1211: 2138 2139 2478 2602 2604 3316
1215: 1828 1176 2172 2974 3254 3255
1255: 859 1550 3695 1551 1766 2062 2792
1259: 2648 159 2127 2138 2139 2446 2447
1260: 3568 2588 2728 2729 2859 3872 3873
1266: 1647 1375 3624 1646 2560 2561 2969
1273: 2005 403 2230 2231 2996 3717
1276: 2214 2430 3173 3836 705 2431 3172 3837
1278: 1812 1717 1720 2236 2245 2610
1279: 1775 3133 2985 1939 2912 3423
1282: 2643 1987 2288 2289 2323 3176 3612
1303: 3719 1378 2097 1442 1443 3718
1306: 2208 1372 341 1719 1919 2055
1312: 912 2620 2789 1964 2221 2220
1316: 1770 2116 2128 2764 2863 3424 3425
1320: 2854 2498 2597 2855 2887
1322: 1801 3520 2886 2004 3277 1800 3276
1325: 546 1965 1640 2523 1641 2880 2881
1326: 2205 2802 2803 2819 2991 3682 3683
1332: 1036 1026 2341 523 3086 3801
1341: 3684 1447 1762 2218 3027 3078 3685
1343: 2485 546 1677 2753 3452 3453
1347: 1812 2982 2801 1813 1892 2946
1349: 963 3290 2264 1679 1984 1985 3360
1354: 1633 1389 218 2379 2121 2378 3547
1359: 2201 832 544 2065 3300 3856
1360: 3751 1959 3386 3120 3121 3222 3750
1372: 1306 341 260 1719 1910 3575
1375: 1647 1266 3610 2877 3624 3625
1378: 1303 1932 2096 2097 3393 3718
1379: 2893 1743 2140 2141 2690
1380: 1436 1495 442 1403 2690 1494 2691
1386: 428 1916 1917 2056 2371 2904
1387: 2018 1946 1947 3640 3790 3842
1389: 218 1633 1354 1632 3226 3758
1391: 445 2088 1898 1899 2216 2217
1393: 3196 2338 2339 3424 3425 3476
1394: 2575 3164 3165 3363 3761 3764 3765
1395: 1988 1156 1479 1989 3396 3690
1397: 138 1544 1545 2995 2994 3291 3553
1402: 692 672 1981 1418 3563 3148 3562
1403: 442 1380 1495 3486 1059 3487 3876
1405: 2615 248 1915 2125 3505
1407: 2393 1440 1616 1617 2257 3732
1408: 3113 2496 900 2949 1978 1979 3643
1409: 887 1901 1603 3589 1602 1900 3588
1411: 3703 635 1621 1520 1681
1413: 3658 3820 3178 2586 2462 2587 3597
1414: 2041 2519 653 1491 1786 3534
1418: 1402 814 1600 1981 3148
1420: 2860 1010 2746 2354 2355 2589 2861
1421: 3403 1162 3009 1660 2007 2368
1423: 1899 2315 445 692 2679 2223
1425: 3640 775 1430 2018 3336
1426: 1984 1535 1002 963 1637 3189
1427: 3051 252 1888 1796 2828 2829
1429: 1606 515 2546 3533 2905 3532 3712
1430: 775 3498 1425 2944 3336 2945 3499
1431: 3118 3119 3406 3432 3433
1432: 600 2288 2289 3669 3783 3846
1433: 1144 3468 901 1997 2195
1434: 1435 3874 2688 3467 2592 2593
1435: 1434 2592 2688 3055 2961 3054
1436: 1437 442 1380 1928 2988 2691
1437: 1436 841 2233 1928 2988
1438: 1439 1587 2437 2795 1562 1586 3727
1439: 1438 1562 3169 3394 2795 3395
1440: 1441 1617 1407 2511 2393 3036 3037
1441: 1440 2511 2392 2393 2717
1442: 3072 2097 1303 1443 3674 3675
1443: 581 3719 3072 1442 1303 2813
1445: 1710 2814 1448 1449 2815 2864 2865 3869
1446: 1555 1447 1630 3026 2365 2987 3027
1447: 1446 1630 1341 3027 3078 3079
1448: 1873 1449 1872 380 1445 2815
1449: 1448 2865 380 1445 3593
1450: 1451 3564 2229 1705 3098 3099
1451: 1450 3565 2229 1810 1811 3564
1452: 334 1453 2248 2132 2680 2681
1453: 3439 1452 2132 2133 2514 2248
1454: 250 1455 2240 1644 382 3462
1455: 2251 1454 3462 1644 3463 3827
1456: 1457 3806 1509 1508 2910 3807
1457: 1456 2911 1509 1700 2049 2910 3050
1458: 2343 1459 1725 1528 3014 3147
1459: 1458 597 1725 2448 2449 3014
1460: 2395 2270 1461 2419 3835
1461: 2419 1460 2395 3095 1668 1669
1462: 1970 1808 1463 1519 2672 2673
1463: 3332 1519 1462 1808 1789 1788 1809
1464: 1849 3238 1465 2492 3456
1465: 1464 3843 2492 3271 3348 3456
1466: 1140 1467 1741 1765 2842
1467: 1764 1466 2508 1140 1765 3040
1468: 1469 1937 3004 3137 1737 1936 178
1469: 1468 1936 1736 1737 3615 2179
1470: 2188 2502 3671 2844 1471 2189
1471: 3671 1470 2185 2502 2503 3224
1472: 1473 2181 1556 1982 1983
1473: 2441 1472 1556 3347 3038 2181 3039
1474: 2652 821 1475 1614 1615 2490 2491
1475: 1614 1474 821 2456 2966
1476: 1477 1566 3416 3848
1477: 3700 1476 3848 1566 2400 3849 3701
1479: 3690 1522 1395 3396 3691 3867
1480: 2177 1481 1527 1840 3137 3688 3689
1481: 2177 1480 1527 2112
1482: 3074 1483 2309 2715 2776
1483: 1482 3504 2715 2776 3376 3377
1484: 1485 2998 2598 2532 2962 2533 2963
1485: 1484 2998 2375 307 2962 2999
1486: 2378 3364 1487 2379 2387 3071 3365
1487: 1486 3071 3365 3440
1488: 2019 2892 3858 1489 2893 3581
1489: 1947 1488 2019 2711 2893
1490: 1491 2051 1513 1512 3474 2519
1491: 653 1490 2160 2519 1414 3474
1492: 1493 3580 2397 2692 3350 3859
1493: 2182 1492 2183 2692 3580
1494: 1743 3451 1495 1380 1742 2690
1495: 1380 1403 1494 3451 3486
1496: 1715 1497 1953 1714 1868 2726
1497: 3156 1496 2977 1953 2726
1498: 1499 2512 3871 1733 2682 3111
1499: 1498 2981 2312 2682 3871
1500: 3632 1501 1581 2972 2973 1580 2405
1501: 1500 2405 2412 2413 3193 3632
1502: 497 2410 1706 725 1503 2772
1503: 1502 725 1564 1565 2772
1504: 1552 1505 1515 1553 2902
1505: 2243 1552 1504 3501 2299 2902 2298
1506: 3020 837 1507 1861 1860 1931
1507: 3368 1860 1506 1643 1931 3369 3483
1508: 1509 2709 2907 1456 2917 3806
1509: 1508 1456 1457 2049 2048 2709
1510: 1511 1579 2500 3127 3126 3749
1511: 1510 2586 3127 3418 1579 2587
1512: 1513 2230 2050 2051 1490 3175
1513: 2759 1512 1490 2519 2518 3175
1514: 3100 1553 2020 51 1515 1731
1515: 2903 1514 1504 2020 1553 2902
1516: 2526 1517 1543 2470 2471 2826
1517: 3322 2470 1516 1543 1993 1992
1518: 1519 1971 2104 1970 2247 2745
1519: 1789 1518 1463 1462 2104 1970
1520: 1680 1411 1521 1681 1723 3702 3703
1521: 1680 1520 1723 2618 2619 3384
1522: 3396 3397 2631 1479 3867 1523 2081
1523: 1522 1839 2630 2631 3265 3866 3867
1524: 1525 2072 3334 2012 3381
1525: 2884 1524 3381 2072 2073 3626
1526: 1527 2113 2363 3539
1527: 1526 2113 3539 1481 1480 1840 2112
1528: 1529 1725 1458 1724 2342 2343
1529: 1528 725 1724 2342 3194 3195
1530: 1011 2722 1531 2682 3286 3111 3673
1531: 3110 1530 3673 3111 3372 3818
1532: 1533 3370 1765 1764 2025
1533: 1741 1532 3083 2025 1703 1740 1765
1534: 1535 2901 2092 1756 2198 3188
1535: 1534 1002 1426 2092 3189 3188
1536: 1804 1537 3192 2412 1805 2084 2085
1537: 1536 2084 3657 1805 2565
1538: 1539 2913 2489 2948 2949 3642 3643
1539: 2444 2489 1538 3132 2445 2913
1540: 2662 1541 1790 3046 3244 3245
1541: 2136 1790 1540 3046 3584 3742 3743
1542: 2457 1589 974 2134 2526 1543
1543: 1517 1542 1516 2134 2526 3322
1544: 1545 138 753 1628 1397 3512
1545: 1544 3552 1397 1628 3553 3617
1546: 1576 3878 1547 1577 1571 3745
1547: 1571 1546 3878 1715 1714 2026
1548: 705 6 2256 1549 2333 2850
1549: 6 1548 1881 2332 2333
1550: 1255 1551 3295 2838 3294 3695
1551: 1550 1255 859 2704 2838 2839
1552: 3709 1730 1504 1505 1553 3500 3501
1553: 1514 1504 1552 1515 1730 1731
1554: 2796 3116 2364 1555 2695 3282
1555: 1446 1554 2364 2365 2986 2987 3116
1556: 1473 1472 1557 1651 1983 3039
1557: 1971 1650 1983 1556 1651 1970 2672
1558: 1823 3182 2002 1559 2003 2675 3183
1559: 1823 1558 3850 2003 2340 2301 3851
1560: 1886 2858 1561 2617 3211 3285
1561: 1560 3064 1886 1887 3065 3211
1562: 1439 1438 1563 2436 2437 2686 3394
1563: 2687 1562 1846 1847 2686 3394
1564: 725 3194 1565 1503 2144 3631
1565: 1564 1503 2773 2144 2772 3170
1566: 1567 1477 1834 1476 3416 3417 3701
1567: 1566 1834 3701 1865 2666 2667
1568: 1651 3755 1569 2874 1650 1806 3754
1569: 652 2874 1650 1568 3602 2875
1571: 1714 1547 1546 1577 2895 3885
1572: 1573 1612 2434 2594 2595 3306
1573: 2109 1572 2595 2434 2732 2733
1574: 1575 2597 2544 2545 3318 3741 3740
1575: 3318 1574 3319 2597 3699
1576: 3031 2076 1546 1577 3745 3854
1577: 1546 1571 1576 3854 3855 2915 2914 3885
1578: 1579 3320 2500 3321 3621 3821
1579: 1578 1510 1511 3821 2500 2586
1580: 1581 2045 326 1500 1853 2973
1581: 1580 1852 1500 2404 1853 2405
1582: 1583 1616 146 1832 1617 2071
1583: 1582 146 2509 1832 2508 3040 3041
1584: 3329 1585 3392 2670 2671
1585: 3035 1584 2671 3034 1962 3393 3392
1586: 2522 1587 1641 3726 1438 2453 3727
1587: 1586 1438 2453 2452 2795
1588: 2242 141 2134 1589 2967 3853
1589: 1542 2134 1588 2457 2967
1590: 2430 1591 2017 3172 1210 3321
1591: 1590 3770 1210 3596 3320 3321 3771
1592: 729 2621 3687 1593 2169 3230
1593: 729 2621 1592 3487 912 3486
1594: 2708 1595 2480 2326 2709 3555
1595: 152 1594 3555 3554 2480 2581 2317
1596: 633 1689 1597 3598 2659 3263
1597: 3102 633 1596 3729 3598
1598: 3166 407 2283 1599 2282 3017
1599: 3166 3060 1598 2282 2555 2554 3061 3167
1600: 1418 814 1981 2787 1601 116
1601: 116 66 1600 2787 3723 2786
1602: 3793 1409 1638 1603 3887 3589 3324
1603: 887 1409 1602 1638
1604: 1605 2280 2497 2248 2249 3439
1605: 1604 2280 900 3242 2496 2497
1606: 3712 1607 1429 3558 515 2261
1607: 2118 1606 2261 2260 515 2959
1608: 1032 3578 1644 1609 1645 250
1609: 2558 1608 1645 1065 2762 3578 3579
1610: 3305 1611 1801 2640 3521
1611: 1610 2640 1836 1800 1801 2855
1612: 1613 1572 2594 3272 3306 3805 3307
1613: 1612 3805 2170 2171 3272 3804
1614: 1615 1475 1474 2696 2157 2456
1615: 1614 1474 2157 1728 1729 2652
1616: 3732 1582 1407 146 1617 3733
1617: 1440 1582 1616 3036 1407 2070 2071
1618: 652 1809 3603 1619 1808 3602
1619: 3333 1618 3603 1900 1809 3325 3588
1620: 1621 1681 2636 3494
1621: 2637 1411 635 1620 1681 2636
1622: 3280 1623 3576 1794 1795 2742
1623: 1622 1794 507 2742 3688 3689
1624: 1949 1625 679 2211 2812 3517
1625: 1624 581 2812 2211 2813 3084
1626: 3565 2208 1631 1919 1627 1918 3564
1627: 1626 2474 1631 2208 2209 3079
1628: 1544 1545 753 1629 3617 3838 3839
1629: 2116 3839 1628 3616 2117 2764 2765 3617
1630: 1447 1446 2987 3079 1631 1810 3565
1631: 1626 1627 1630 3565 3079
1632: 1777 1145 3758 1739 1633 1389
1633: 1354 1389 1739 1632 2121 1738
1634: 3088 2651 1635 3352 3578 3579
1635: 1688 192 3352 1634 3109 2651
1636: 1002 1637 2463 2462 2730 3179
1637: 1984 1002 1636 1426 2730
1638: 887 1639 1602 1603 3886 1667 3887
1639: 1638 1667 1666 3886
1640: 1965 1325 2239 3274 1641 2453 3275
1641: 1586 1325 1640 2453 2522 2523
1642: 1643 1930 1969 3388 3653 3652
1643: 3483 1642 1931 1507 1930 3388 3389
1644: 1645 1454 2251 1608 250 1455
1645: 1644 1609 1608 2763 2251 2762
1646: 3379 1647 1266 2442 2561 2568
1647: 2569 1266 1375 3610 1646 891 2568
1648: 2311 597 3054 1649 2689 3055 3302
1649: 2689 1648 597 2036 2449
1650: 1557 1569 2672 652 1651 1568 2673
1651: 1807 1556 1568 1557 1650 3039 1806
1652: 1653 2641 1797 1836 1837 2805
1653: 1652 1837 1797 1824 2421 2420
1654: 1655 3899 3093 2042 3898
1655: 1654 2042 3093 3440 3364 3365 3441
1656: 2717 1657 2716 2706 2103 2392
1657: 1656 1858 1859 3126 2103 2706 3748
1658: 1659 2307 3303 2213 2310 2311
1659: 1658 1842 2664 1843 2307 3303
1660: 3159 1421 2694 1661 2368 3403
1661: 2694 2368 1660 2369 2695 3117
1662: 3330 1663 2736 2549 2727 3666
1663: 1662 2727 2548 2549 2942 2943
1664: 3627 1665 1830 3380 3381 3626
1665: 1752 3380 1830 1664 1831 2919
1666: 1639 3886 2123 1667 2269 2122 3495
1667: 1639 1638 1666 887 2269
1668: 1669 1461 3184 2395 2831
1669: 1668 3814 1461 2831 2830 3094 3095
1670: 3335 1671 3091 3710
1671: 3090 3335 1670 75 928 3091
1672: 2209 1673 2475 2054 2055 3875
1673: 2688 1672 2475 2037 3875 3874
1674: 2755 709 1955 2362 1675 2573 3367
1675: 3841 1674 1954 1955 2363 2362
1676: 1677 1707 1882 1883 3453
1677: 1761 1676 3453 1343 1882 2485
1678: 1887 1679 3064 3290 2995
1679: 1678 1887 1349 2264 2265 3290
1680: 1520 2123 2122 1521 1681 3384
1681: 1621 1620 2123 1520 1680 3494 1411
1682: 1845 1733 919 1732 3509 1844 3870 3871
1684: 2089 1685 1757 1756 2217 2685
1685: 2089 1016 1684 1756 2900 2901
1686: 53 2205 1687 2567 2818 2819
1687: 2818 1686 2566 2513 2567 2898
1688: 1635 192 1689 2357 3108 3109
1689: 1688 1596 2356 3108 633 2659 2357
1690: 1691 3220 2151 2150 2833 3315
1691: 1690 2150 2833 2063 2062 3757
1692: 1693 2992 753 3513 3512 3528 3529
1693: 3529 1692 2797 2798 2799 2992
1694: 3341 1695 2142 2330 2455 3655
1695: 1694 2330 2645 2644 3073 3341
1696: 1697 2977 3694 2976 3156 3157 3345
1697: 1696 2793 2943 3157 3694
1698: 3516 2010 1699 1913 2011 2894
1699: 1913 1698 2210 1912 3150 3516 3517
1700: 3647 3050 1457 2049 1701 1986
1701: 2642 1700 2828 1986 3050 3051
1702: 3317 1740 1703 2382 1975 2383 3042
1703: 1702 1533 1740 2382 3083
1704: 1705 799 2228 2229 2303 3339
1705: 1704 1450 2229 3099 3339
1706: 1707 1502 497 1883 2410 2411
1707: 3453 1706 2411 1676 1153 1883
1708: 3101 2291 3214 1709 2559 3100
1709: 2528 1708 2020 2291 2021 3100
1710: 1445 2864 3281 1711 3868 3869
1711: 3444 2023 3281 1710 3639 2022 3868
1712: 1713 1977 2033 3357 1976 2032
1713: 3715 1712 1977 2032 3358 3359 3622
1714: 1868 1571 1715 1547 1496 2895
1715: 1496 1953 1714 1547 2026 2027
1716: 2610 1805 1717 3656 3657 3882
1717: 2610 1278 1716 1720 1805 3412
1718: 1719 3574 3234 1919 1918 3098 3575
1719: 1919 1718 1306 1372 3575
1720: 1721 1717 3412 1278 2236 2237
1721: 1720 3802 2009 3412 2008 2237 3413 3803
1722: 2612 1723 465 2619 2661 2660
1723: 2619 3702 1722 1521 1520 2612 2613
1724: 1725 1529 2310 2212 1528 3195
1725: 1724 1458 1459 1528 597 2310
1726: 2370 1727 2371 2521 3532 3533
1727: 3250 3532 2521 1726 3713 2676
1728: 1615 1729 2157 2428 2429 3201
1729: 2429 1728 1615 2652 2653 3746 3747
1730: 1731 1552 1553 1818 2451 3708 3709
1731: 51 1730 1514 1553 3548 1818
1732: 2898 919 2512 1733 1682 2899 2513
1733: 1682 3871 2512 1732 1498
1734: 1873 1735 2551 2815 3115
1735: 2550 1734 3028 1873 2277 2551
1736: 2179 1469 1737 1794 1795 2178
1737: 1468 1794 1736 1469 3137
1738: 1633 3767 2120 1739 2121 3479
1739: 1632 1633 1738 1145 3767 3752
1740: 1741 1702 1703 1533 2843 1974 1975
1741: 1765 1533 1740 1466 2842 2843
1742: 1494 3458 1743 2892 3450 3451 3459
1743: 1494 2690 1742 1379 2892 2893
1744: 3807 2805 1745 2910 2641 2804
1745: 3497 1744 2161 2641 3496 3806 3807
1746: 3313 1166 2495 1747 2494 3312 3436
1747: 3436 1746 2494 1101 3128 3129
1748: 3873 1749 2006 2007 3246 3402 3872
1749: 2859 3246 1748 3210 3211 3872
1750: 1751 2252 2465 1068 2253 2464 2845
1751: 1750 1068 636 1976 1977 2465
1752: 1665 1753 1831 2919 3018
1753: 1752 1831 2601 2968 2969 3018
1754: 2064 2200 1755 2078 2808
1755: 2732 2078 1754 2079 2200 2595
1756: 1757 1685 1534 1684 2092 2901
1757: 1756 1684 2093 2092 2685 3419
1758: 1759 2001 2150 3498 3499 3756 3757
1759: 3704 2000 1767 3756 1758 2001 3705
1760: 2484 3165 1761 2485 3363
1761: 3165 1677 1760 1882 2485
1762: 3736 1341 3015 1763 2218 3684
1763: 2791 1762 2218 2448 3015
1764: 1467 1765 1532 1799 2508 3371 3370
1765: 1741 1764 1533 1467 1532 1466
1766: 1767 2062 859 3756 1255 3107
1767: 1759 1766 3705 3107 3756
1768: 3053 1961 670 1769 2086 3594 3774
1769: 2447 1768 159 2086 2087 3774 3775
1770: 1802 2116 1316 1998 2128 1771 2117
1771: 2129 1770 901 1802 1803 2128
1772: 17 1773 2674 1945 1944 3264
1773: 1772 1945 2674 2675
1774: 2014 1938 1775 1816 1878 2628
1775: 1279 1878 1774 1938 1939 2912
1776: 3810 2297 3865 1777 2296 2908
1777: 1145 1632 1776 2908 3758 3810 3811
1778: 1944 1779 2080 17 3265 3264 2713
1779: 1778 2080 2081 2630 3265
1780: 3199 2753 1781 2484 2485 2562
1781: 3629 1780 2562 2267 2266 2484
1782: 248 2306 62 1783 2124 2125 3001
1783: 2939 1782 62 2306 2307 2938
1784: 1785 3018 2130 2131 3485 2919 2918
1785: 1784 20 3018 3019 3484 3485
1786: 1787 2932 1414 2040 2041 3534
1787: 3249 1786 2040 2932 3216 3217
1788: 3206 1789 1463 2756 3332
1789: 1519 1788 1463 2104 2105 2756
1790: 2662 1541 1791 1540 2458 3742
1791: 821 2458 1790 2305 2304 2662
1792: 1793 3508 3204 1820 1821 2540
1793: 1792 2783 3508 2980 2782 3114 3204
1794: 507 1623 1737 3137 1736 1622 3136 1795
1795: 1794 1736 1622 2178 3280
1796: 1797 1888 252 1427 2421 3430
1797: 1796 1652 1653 2804 252 2421 2805
1798: 3696 1832 2509 1799 1833 3861
1799: 1798 1764 3860 2508 2509 3371 3861
1800: 1611 2887 1801 2855 1322 2886
1801: 1322 1610 1611 1800 3520 3521
1802: 1803 1770 1771 1998 2192 2193
1803: 2206 1144 1802 2192 901 1771 3139
1804: 1536 1805 2412 2413 3412 3413
1805: 1716 1536 3412 1804 1537 1717 3657
1806: 2870 1807 1568 1651 3755
1807: 1651 1806 2870 3038 3039 3781
1808: 1462 1463 1809 2673 652 1618
1809: 1618 1808 1463 1619 3332 3333
1810: 1630 1451 1811 2986 2987 3565
1811: 2369 2986 1810 1451 2229 3117
1812: 1278 1347 2245 2236 1813 2982
1813: 3408 1347 1812 1893 1892 2236
1814: 390 1815 2383 2149 3003 3043
1815: 2383 2148 1814 2149 3518
1816: 2647 1774 1817 1938 2014 2015
1817: 2066 1938 2922 1816 2647
1818: 1819 1730 1731 3548 2261 2451
1819: 2261 1818 3558 3549 3548 3559 3779
1820: 2079 2541 1821 1792 2060 2540 2078
1821: 1820 2808 1792 3204 2078 3205
1822: 3794 2425 3850 1823 3131 3182 3795
1823: 1558 1559 1822 3182 3850
1824: 2854 1825 1653 2420 1837 2499
1825: 1824 2420 2498 2499 2951
1826: 1827 2433 3298 3531
1827: 2175 1826 3298 2433 2720 2721
1828: 2477 1215 2172 1176 1829
1829: 2477 1828 2172 2728 2729 3258 3259
1830: 3625 2877 1665 312 1831 1664 3627
1831: 1665 1752 1753 1830 2969 3624 3625
1832: 1582 1583 1798 2071 1833 2509
1833: 2774 1798 1832 2071 2775 3696 3697
1834: 1835 1566 1567 1865 3023 3417
1835: 2784 1834 1865 3067 3023 3066
1836: 1611 1837 1652 2855 2640 2641
1837: 1653 1836 1824 2854 1652 2855
1838: 3691 1839 1903 3866
1839: 3265 2674 3866 1903 1523 1838 1902 2637 2636 3887
1840: 1527 1480 1841 2841 2935 3538 3539
1841: 2935 1840 2285 2284 2841
1842: 1843 1659 3303 3342 3343
1843: 1842 1659 2664 2665 3343
1844: 3509 2541 3225 1845 1682 2540
1845: 919 1682 1844 2184 2185 3225 3224
1846: 1847 1563 2486 2639 2687 3460 3461
1847: 1846 3394 2639 3140 1563
1848: 2016 1849 2017 2388 2389 3134
1849: 1464 2016 1848 3456 3134 3238
1850: 3693 1851 1073 3383 3567 2314
1851: 1850 2314 3567 2315 2679
1852: 1581 1853 2404 2009 2735 1994
1853: 1852 1581 1580 1994 326 1995
1854: 2150 1855 2151 3498 2944
1855: 2626 2944 2151 1854 3511 3315
1856: 2143 2454 1857 2750 2455
1857: 2143 2750 1856 2249 2248 2681 2768
1858: 1657 1859 1898 2103 2102
1859: 1858 2216 1657 1898 3127 2684 3126
1860: 3368 1507 2191 1506 1861
1861: 3600 1973 1506 1860 2191 1972 3020
1862: 2252 1863 2803 2802 3256
1863: 3006 2252 2803 1862 3682 2030 2464
1864: 2294 3007 2667 2031 1865 2784
1865: 2667 1834 1835 1864 1567 2784
1866: 1867 263 2897 3527 3104 3105
1867: 1866 263 3527 3481 3526 3786
1868: 1714 1869 1496 2726 2895 2010 2894
1869: 2726 1868 2010 3666 2727 3667
1870: 2146 3193 3633 1871 2147 3192
1871: 1870 2146 2199 2085 3192 3525
1872: 1448 2277 3355 380 1873 2276
1873: 1448 1734 1735 1872 2815 2277
1874: 1910 260 778 1875 3465
1875: 2301 3863 3465 778 1874 2674 2536 3464
1876: 2107 1877 2106 2224 2225 3762
1877: 2224 2459 2423 2107 1876 2490
1878: 1775 1774 2912 1879 2628 2948
1879: 1878 1979 2628 2629 2948 2949
1880: 1881 3060 2318 2282 2319
1881: 1880 1549 3060 2332 2318 6
1882: 1677 1761 1676 1883 3164 3165 3606
1883: 3607 1707 1706 1882 497 1676 3606
1884: 3052 1885 1043 2634 2658 3644
1885: 1884 3262 3033 2658 2659 3644
1886: 3285 1560 1561 2265 2147 1887 3284
1887: 1678 1679 1886 1561 2265 3064
1888: 1427 1889 1796 2829 3430 3431
1889: 2322 1888 2829 2263 3431 2738 2739
1890: 1891 3019 2600 20 3011 2601
1891: 1890 542 2600 3434 3011 3798 3799
1892: 2946 1893 1347 3181 1813 2947
1893: 1892 3181 1813 2274 1908 2275 3408 3409
1894: 1895 3430 2262 2951 3431
1895: 1894 2951 2421 2950 3430
1896: 1897 2857 3637 2807 3400 3401 3636
1897: 2374 1896 2656 2807 2806 3401
1898: 2216 1858 1899 2102 1391 1859
1899: 1423 445 1898 1391 2102 2315
1900: 1901 1619 3588 3333 1409 3297
1901: 1900 887 1409 2268 3297 3296
1902: 635 1903 1839 2167 2637
1903: 2167 1839 1902 1838 3691
1904: 1905 1940 1941 2426 2427 2781
1905: 1904 2427 1941 2407
1906: 2579 3153 1907 2585 3252 3546
1907: 2585 3547 3546 1906 218 2584
1908: 2275 3802 1909 1893 3409
1909: 2275 1908 465 2660 3292 3293 3802 3803
1910: 260 1874 1372 778 1911 341
1911: 341 778 1910 2537 2668
1912: 1913 3150 1699 2915 3151 3557
1913: 1912 2915 1699 1698 2894 3884
1914: 1915 2145 2614 3171 3460 3461
1915: 2125 2145 2614 2615 1914 1405
1916: 1386 428 1917 2175
1917: 2781 1386 1916 2056 2780 2175
1918: 3098 1718 1919 1626 3564
1919: 1719 1626 1718 1306 1918 2208
1920: 1921 2114 2627 736 2482 2483 3796
1921: 1920 736 1950 2626 2627
1922: 2816 1923 2422 3354 3747
1923: 1922 784 2293 3354 3747 3545 3746
1924: 1925 2094 2095 2287 2557 2853
1925: 1924 3069 2853 2095 3435
1926: 1927 3142 2195 2710 2702 3143 3468 3469
1927: 1926 1929 2702 2710 2140 2141
1928: 2691 1436 2233 1437 1929 2140
1929: 1927 1928 2140 2232 2233 2702 2703
1930: 1642 1643 3185 3652 1931
1931: 1643 837 1507 1930 1506 3185
1932: 3718 1378 1933 2460 3329 3392 3393
1933: 3085 1932 2082 2460 3718
1934: 1935 826 2531 2970 2971
1935: 1934 2624 2531 613 826 1966
1936: 3615 1469 1468 1937 3614
1937: 664 1468 178 1936 3614 3892
1938: 1939 1817 1774 1775 1816 2066
1939: 1938 1775 1279 2067 2066 3423
1940: 1941 2781 1904 2867 2632 2748 2873
1941: 2407 1940 1905 2867 1904
1942: 2111 3432 3480 2377 1943 2351
1943: 1942 2351 3480 3526
1944: 1778 2712 1945 17 1772 2713
1945: 2675 1944 1772 2712 1773 3076 3077 3183
1946: 1387 2710 1947 2711 3142 3790
1947: 1489 1387 1946 2018 2019 2711
1948: 2011 1949 2736 2737 2836 3667
1949: 3516 1624 2836 1948 679 2011 2837 3517
1950: 2626 736 3420 3314 1921 1951
1951: 3221 1950 3331 3314 3420
1952: 2977 1953 2027 2936 2976 3595
1953: 1952 1715 1496 1497 2027 2977
1954: 1955 2934 1675 3515 3472 3473 3840 3841
1955: 3515 1954 1674 1675 709 3232 3233 3514
1956: 53 1957 3788 3004 3005
1957: 1956 2272 53 2204 3788
1958: 1973 1959 441 3120 1972 3634 3635
1959: 1360 1958 1973 3120 3222 3223
1960: 3033 670 1961 2026 3645 3879
1961: 1768 670 1960 2026 2027 3595 3594
1962: 3034 1963 1585 547 2671 2971
1963: 2231 1962 826 547 403 2971
1964: 1965 1312 2881 2221 2788 2789
1965: 1964 1325 1640 2881 3275 2221
1966: 613 1967 1935 2324 2325 2624
1967: 2609 1966 2524 2325 2525 2624
1968: 65 2569 891 2778 1969 3388 2504
1969: 3388 2505 1642 1968 2504 3653
1970: 1462 1971 1519 1518 2672 1557
1971: 1518 1557 1970 1983 2246 2247
1972: 1861 441 3021 1973 1958 3020
1973: 1861 1958 1959 1972 3223 3601 3600
1974: 1975 1740 2605 2843 3681 3680
1975: 1974 1740 1702 2605 3317
1976: 1068 1751 1977 1712 3356 3357
1977: 1712 636 1713 1751 1976 3359
1978: 3113 1408 2168 1979 3112 3686
1979: 1879 1408 1978 2168 2949 2629
1980: 1981 692 2222 116 3707
1981: 1980 1402 1600 1418 692 116
1982: 2180 1983 3447 1472 2246 2835 2181
1983: 1982 1557 1971 1472 1556 2246
1984: 1426 1637 2730 963 1349 1985 2159
1985: 3361 1984 1349 2158 2159 3360
1986: 1987 1701 1700 2289 2642 3647 3668
1987: 1986 2289 1282 2642 2643
1988: 1395 3690 2167 1989 2166 3890
1989: 2963 1395 1988 1156 2962 3891 3890
1990: 3056 3458 3231 1991 3450 3057 3351
1991: 3450 1990 729 3230 3231 3451
1992: 2959 1517 2958 2279 1993 2118 2470
1993: 1517 1992 2118 2119 3322 3323
1994: 1995 1853 2599 2734 1852 2735
1995: 1994 1853 326 2599 2354 2998 2999
1996: 1997 1144 2206 3270 2207 2492 2493
1997: 2194 1996 1144 3270 1433 2195
1998: 2193 1770 1802 1999 2117
1999: 1998 2117 2193 2552 2553 3616
2000: 1759 2068 2069 2001 3704 3809
2001: 2068 3499 1759 2000 775 1758
2002: 2675 1558 2003 2674
2003: 1558 1559 2674 2002 2301
2004: 1322 2005 2996 2997 3277 3520
2005: 1273 2360 2996 2004 3277 3717
2006: 2007 2729 1748 3258 3873
2007: 2006 3403 1748 1421 3009 3258 3259 3402
2008: 2413 2405 1721 2009 2404 3413
2009: 1721 2735 1852 2008 2404 3292 3803
2010: 2011 1698 3667 1868 1869 2894
2011: 2010 1948 1949 1698 3516 3667
2012: 3334 2013 1524 2591 3380 3381
2013: 3380 2012 2591 2130 2131 2918
2014: 2015 1774 2628 2329 1816 3154
2015: 2014 1816 2647 3155 2646 3154
2016: 1848 2017 1849 1210 3238 3239
2017: 2016 1590 1848 1210 2388 2430
2018: 3640 1387 2019 1425 1947 3336 3337
2019: 2018 1488 1489 3337 1947 3581
2020: 1514 1515 1709 2903 2021 3100
2021: 2020 2529 1709 2528 2903 3507
2022: 2178 1711 2023 2723 3287 3639
2023: 1711 2022 2178 3280 3281
2024: 2539 2025 2372 2373 2868 3370
2025: 3370 2024 1533 1532 2539 3082 3083
2026: 2027 1715 1960 1547 1961 3878 3879
2027: 3595 2026 1952 1715 1953 1961
2028: 3700 3780 2029 2202 2203 2400
2029: 2400 2028 2871 2401 3240 3780
2030: 2031 1863 2162 2464 2465 3006 3007
2031: 2030 1864 2162 2294 2163 3007
2032: 595 1713 1712 2033 3715
2033: 1712 595 2032 261 2337 3357
2034: 2297 2390 3168 2035 2908 2909
2035: 2034 2390 3141 3140 3168 3169 3395
2036: 2791 1649 2689 2037 2448 2449 2790
2037: 1673 2036 2475 2688 2689 2790
2038: 148 2039 3261 2074 2461 2577 2576
2039: 2461 2038 3025 2083 2082 3261
2040: 2041 1787 1786 3455 2408 3249 3248
2041: 1414 2040 2408 1786 2518 2519
2042: 2043 1655 3152 1654 2387 3364 3898
2043: 2042 3097 166 3152 3898
2044: 2589 2616 1010 2045 2617 3569
2045: 326 1580 2044 1010 2616 2973
2046: 2064 2047 3028 2550 2809
2047: 2101 2046 2065 544 3028 2064 3029
2048: 2327 2709 2049 1509 2326 3646
2049: 2048 1700 1509 1457 3646 3647
2050: 1512 2996 2051 2230 2997 3304
2051: 1512 1490 2050 3304 3475 3474
2052: 2650 250 1032 2241 2053 678 2240
2053: 678 2052 2650 3378 3730
2054: 1672 341 2055 2669 2668 3875
2055: 341 2054 1672 1306 2208 2209
2056: 1917 1386 2426 2057 2371 2780
2057: 2371 2426 2056 2370 2427 3404 3405
2058: 2445 3133 2059 3132 3782 3816 3817
2059: 1198 2058 2445 2481 3782
2060: 2061 2079 1820 2541 3272 3273
2061: 2170 2060 3225 2503 2541 3272
2062: 1766 1255 3756 1691 2063 2792 3757
2063: 2792 1691 2062 2833 2793 2832
2064: 1754 2046 2200 2047 2809 2065 2808
2065: 2047 2064 1359 544 2200 2201
2066: 1817 2922 1938 673 1939 2067
2067: 3423 3227 3422 1939 2066 673 2584
2068: 2001 2000 775 2069 3349
2069: 2000 2068 3135 3349 3457 3809
2070: 2071 1617 2775 3560 3036
2071: 2070 1832 1833 1617 1582 2775
2072: 1524 1525 2073 3334
2073: 2072 1525 2884 2952 2953 3334
2074: 3261 734 2577 2075 2038 3260
2075: 2190 2074 734 2577 474 3502
2076: 3744 1576 3031 909 2077 3745
2077: 3599 2076 3031 909 3310
2078: 1755 1754 1821 2079 1820 2808
2079: 2595 1820 2060 1755 2078 3273 2594
2080: 2713 1778 1779 2081 2656 3400 3401
2081: 2656 2631 2080 1522 1779 2630 3397
2082: 2083 1933 2461 3085 2039 2460
2083: 2082 2039 3024 3025 3084 3085
2084: 2565 1537 1536 2085 2198 2901
2085: 2199 2084 1536 1871 2198 3192
2086: 2087 1768 1769 2937 2936 3594
2087: 603 2086 2937 638 1769 159 3488
2088: 445 1391 2217 672 2089 3562
2089: 1685 1684 3562 2088 1016 2217
2090: 2091 3208 3382 1133 3209 3383
2091: 2090 3566 2254 3208 3383 3567
2092: 1535 1534 1756 1002 1757 2093 2463
2093: 3419 1757 2092 2587 2463
2094: 1924 2633 2866 2557 2095 2556
2095: 1925 2094 1924 3237 2633 3069
2096: 3393 1378 2097 2409 2758 3035
2097: 1442 1303 2096 1378 3674 2409
2098: 3180 2757 3207 2099 2964
2099: 3207 2098 476 2506 2507 2964
2100: 3763 544 2849 2101 2385 3856 3857
2101: 2047 2385 2100 544 3029
2102: 2103 1898 1899 2314 1858 2315
2103: 1656 2102 1858 1657 2314 2716
2104: 2800 1518 1519 2745 1789 2105
2105: 2756 2800 2104 1789 2946 2947
2106: 3762 2817 2107 1876 2384 2385 2816 3763
2107: 1876 1877 2106 2422 2423 2816
2108: 2109 3301 2606 2733 3829
2109: 2108 2434 1573 2516 2606 2733 2607
2110: 2111 2377 3551 2376 3094
2111: 2110 1942 3094 3815 3480 2377 3481
2112: 1481 2113 1527 2176 2177 3366
2113: 2363 1527 1526 3366 2112 2362
2114: 1920 2115 334 2483 2132 3796
2115: 2114 3796 3797 2132 2692 2693
2116: 1770 1629 2117 2764 1316
2117: 2116 1770 1998 1999 1629 3616
2118: 1607 2119 1992 1993 2260 2959
2119: 3323 2466 2118 2450 1993 2260
2120: 1738 2321 2121 3070 3478 3479
2121: 3070 1633 2120 1354 1738 2378
2122: 1680 1666 2506 2269 2123 3384 3385
2123: 1680 1666 1681 2122 3494 3495
2124: 3000 1782 2125 2145 3001 3630
2125: 1915 248 1782 2124 1405 2145
2126: 2583 2478 2127 2138 3002 2582
2127: 2446 2138 2583 2126 1259 2822 2823
2128: 1770 2129 1771 1316 2862 2863
2129: 1771 2128 901 3469 2703 2862 3468
2130: 2918 1784 2013 2131
2131: 2591 1784 2130 2013 3485
2132: 1453 2115 2114 2693 1452 334 2133
2133: 1453 2132 2693 2396 2397 2514
2134: 1542 1588 1589 1543 2135 3322 3853
2135: 3322 3853 2134 2467 2466 3323 3852
2136: 1541 2137 2348 3743 2225 3584 3585
2137: 2136 3081 2225 2348 2848
2138: 2139 2127 1211 1259 2126 2478
2139: 2138 2602 1259 1211 2648 2649
2140: 1929 1927 1928 1379 2141 2690 2691
2141: 2710 2140 1379 1927 2711 2893
2142: 3655 2143 1694 3543 2455 2680 3542
2143: 2142 1857 1856 2455 2681 2680
2144: 3170 2145 1564 1565 3630 3631
2145: 2144 1915 2124 3170 2125 1914 3630 3171
2146: 1870 1871 2265 3525 2147 2264
2147: 1886 2265 2146 1870 3284 3633
2148: 2358 2741 1815 2359 2149 3519 3518
2149: 390 1815 2148 1814 3506 2740 2741
2150: 1854 1691 2151 3757 3498 1758 1690
2151: 2150 1855 1690 1854 3315
2152: 3212 3722 2744 2153 2786 3213 3723
2153: 2786 2152 2744 2983 2745 2801
2154: 2155 3269 3490 3449 3374 3448
2155: 2154 3490 3777 2827 3448 3491 3776
2156: 2157 3449 3200 2697 3269 2696
2157: 2156 1614 1615 1728 3200 2696 3201
2158: 2553 3470 1985 2159 2552 3361
2159: 3470 1984 2158 2730 1985 2731 3471
2160: 653 1491 3496 2916 2161 3474
2161: 1745 2917 2160 2916 3496 3806
2162: 2163 2031 636 2030 2465
2163: 2162 3894 2294 636 2295 2031 3734 3735
2164: 2779 2165 2778 3311 3389 3728
2165: 3030 27 3389 2164 3311 3482
2166: 2613 2167 635 3890 3703 1988 3702
2167: 2166 1903 1988 635 1902 3690 3691
2168: 2169 1978 1979 2629 3686 2329
2169: 2168 1592 2328 2329 2621 3686 3687
2170: 3272 2061 1613 2503 2171 2502
2171: 2502 2170 3442 1613 2188 3804
2172: 1828 1829 2728 1215 2173 2974
2173: 2728 2975 2172 2860 2861 2974
2174: 428 2175 3191 3831
2175: 3298 1827 428 2174 1916 2721 2781 1917 3191 3190 2841
2176: 2112 2177 2573 2572 2743 2742 3366 3367
2177: 1481 2742 1480 2176 2112 3688
2178: 2179 2022 3280 2023 1795 3287 1736
2179: 2178 1736 3287 1469 3615
2180: 2181 1982 2440 177 2834 2835
2181: 2180 1472 1473 1982 2440 2441
2182: 1493 2945 3580 3510 3337 2183 3581
2183: 3797 1493 2182 2692 3510 3511 3796
2184: 3257 3670 919 1845 3429 2185
2185: 3224 2184 1471 1845 3670 3671
2186: 2187 3026 3685 2575 2890
2187: 2495 2186 2575 3760 1166 2890
2188: 3443 1470 2502 2189 317 2171 3442
2189: 317 1470 2188 1068 2844 2845
2190: 2075 474 3502 3368 2191 3773
2191: 1860 1861 474 2190 3368 3600
2192: 3139 2193 1803 1802 3570
2193: 2192 1998 2552 3570 1802 3470 1999
2194: 1997 3143 3791 2195 3270 3271
2195: 1926 1997 2194 1433 3143 3468
2196: 3059 3089 2197 2290 3145
2197: 3089 1065 2196 2290 2559 2558
2198: 2901 2084 3188 1534 2199 2085
2199: 3188 2085 1871 2198 3524 3525
2200: 2732 1754 2064 2065 1755 2201 2733
2201: 1359 2733 2200 2065 3300 3301
2202: 2203 3700 2666 2028 3346 2760
2203: 2202 2028 3780 3346 3347
2204: 1957 2991 2205 53 2272
2205: 1326 53 1686 2991 2204 2819
2206: 2207 1803 1996 1144 3139 3138
2207: 2206 1996 2493 2655 3138 3229 3228
2208: 1626 2209 1306 1919 2055 1627
2209: 1672 2208 1627 2055 2474 2475
2210: 1699 3517 2211 3024 3150
2211: 3084 3517 1624 2210 1625 3024
2212: 2213 1724 3195 3001 3000 2310
2213: 2212 2306 2307 2310 1658 3001
2214: 2957 2215 1276 705 2333 2431
2215: 2214 3414 2332 2333 2957 3650
2216: 1859 1898 2217 1391 2684
2217: 2216 2088 2089 2685 1391 1684 2684
2218: 2791 1762 1341 1763 2219 3078
2219: 2218 2474 2790 2791 3078
2220: 2221 1312 3720 2620 3155 3154 3721
2221: 2220 1964 1312 1965 3275 3721
2222: 2223 1980 692 2931 3707 2930
2223: 2222 1423 692 2678 2679 2931
2224: 2225 1877 1876 2459 3743
2225: 2224 2136 2137 1876 3743 3762 2848
2226: 2956 2227 3415 591 2389 3414 3824 3825
2227: 2226 2389 3134 3135 3808 3825
2228: 799 1704 2369 1162 2229 2368
2229: 1450 1451 1704 2228 1705 1811 2369
2230: 1512 2996 3175 2050 1273 2231
2231: 403 1963 2230 1273 547 3175
2232: 2862 2233 212 1929 2703
2233: 2232 1437 1928 1929 212 841
2234: 2323 2738 2235 557 2322 2955 3177 3176
2235: 557 2234 3092 2955
2236: 2237 1720 1812 1813 1278 3408
2237: 2236 1720 1721 3408 3409 3802
2238: 3720 3274 2940 2941 2646 3326
2239: 1640 3326 2453 2452 3274
2240: 2241 1454 250 382 2052 3798 3799
2241: 2240 3278 2052 3799 678 3279
2242: 1048 3852 1588 141 2243 3501 3853
2243: 1505 2299 1048 2242 3501
2244: 814 2245 2611 2983 2787 2982
2245: 2244 1812 1278 2610 2982 2611
2246: 1982 2247 1971 1983 3213 3446 3447
2247: 1518 2246 2744 3213 1971 2745
2248: 2249 1452 1453 2681 1604 1857 3439
2249: 2248 2768 1857 1604 2280 2281
2250: 2763 2725 2251 229 3063 3062
2251: 2250 1455 1644 1645 3826 3063 2763 3827
2252: 1750 1863 1862 3256 2464 2253
2253: 3670 1750 2252 2844 3256 2845 3671
2254: 2255 732 3208 2091 261 3566
2255: 2254 3566 261 2678 2930 2931
2256: 2257 1548 2850 6 3832 3732 2851 3833
2257: 3732 2256 2393 1407 3832
2258: 2826 2259 2432 2471 2827 3776
2259: 511 2471 2258 2345 2432 2433
2260: 1607 2118 2119 2261 2451 2450
2261: 1819 1607 2451 1606 2260 1818 3558
2262: 557 2739 1894 2263 3092 3431
2263: 3431 1889 2262 2739
2264: 2265 1349 963 1679 2146 3524 3525
2265: 2264 1886 2147 2146 1679 1887
2266: 2267 3629 1781 3129 3628
2267: 2266 3129 2484 1781 2494 3362
2268: 476 2269 1901 3296 887 2506
2269: 2268 1666 2122 887 1667 2506
2270: 2271 1460 2419 3091 3090 3835
2271: 3572 2270 3090 3573 3813 3835
2272: 2273 1957 2204 3789 2991 2990 3788
2273: 2272 3789 2381 2380 2990 3067
2274: 2275 1893 2964 2965 3180 3181
2275: 1908 2274 1909 1893 465 2965
2276: 2277 3354 1872 2384 2817 3355
2277: 2276 1872 1873 2384 1735 3028 3029
2278: 3648 2279 2547 2958 2979
2279: 1992 511 2278 2470 2958 3648
2280: 2281 1605 1604 2249 2580 3242
2281: 2769 2280 2316 2580 2249 2768
2282: 2283 1599 1880 1598 2319 3060
2283: 2282 1598 2319 1140 3016 3017
2284: 2285 2935 1841 2570 2571 2934
2285: 2284 1841 2571 3012 2841
2286: 2287 3289 313 2557 3537
2287: 2286 2557 1924 313 2852 2853
2288: 600 2289 3096 1432 1282 3612
2289: 2288 1986 1987 1432 1282 3668 3669
2290: 2196 2197 2559 2291 3058 3059
2291: 3058 1708 1709 2290 2559 2528 3889
2292: 709 2293 2754 2755 3544 3592
2293: 1923 784 709 2292 3544 3232 3545
2294: 2295 1864 2163 2666 2031 2667
2295: 2294 2163 2760 2666 2761 3894
2296: 2794 2297 3327 3168 1776 3864 3865
2297: 2296 2034 1776 2908 3168
2298: 2299 2740 1505 2741 2824 2825 2902
2299: 2298 2243 1505 1048 2824
2300: 2340 2301 2341 3862
2301: 2340 1875 2674 1559 2300 2003 3863 3862
2302: 2303 799 3390 2476 2878 2879
2303: 2302 3339 799 1704 3338 3390
2304: 2662 141 1048 1791 2305 2663
2305: 1791 141 2304 821 2966 2967
2306: 2213 1782 1783 2307 3001
2307: 2213 1658 1659 2306 1783 2664 2939
2308: 2309 3075 2366 2367
2309: 2366 2308 1482 2776 3075 3074
2310: 2311 1724 1725 2213 2212 597 1658
2311: 1648 2310 1658 597 3302 3303
2312: 2313 2682 1499 2981 2783 2683
2313: 3638 2312 2783 3445 2683 3444
2314: 1851 1850 2102 2716 2103 1073 2315
2315: 1423 1851 2102 2314 2679 1899
2316: 2769 2281 2317 2580 2581 2889
2317: 2581 2316 1595 2888 2889 3554
2318: 2319 3733 3041 1880 1881 146 6
2319: 2318 1140 2283 1880 2282 3041 3040
2320: 2321 2718 3071 3441
2321: 2320 2120 2718 3478 3070 3071
2322: 2323 1889 2234 2643 2738 2829
2323: 2322 2234 2643 1282 3176
2324: 2325 3741 1966 613 10 3590 3591
2325: 2324 1966 1967 2524 3741 3740
2326: 2327 1594 2048 2480 2481 2709
2327: 2048 2326 3646 2481 1198
2328: 2169 2620 2329 2621 3154
2329: 3154 2014 2168 2169 2328 2628 2629
2330: 2455 1695 1694 2331 2334 3073
2331: 2455 2330 2920 2334 2335 2454
2332: 3650 1881 2215 1549 2333 3060 3061
2333: 705 1548 2214 2332 1549 2215
2334: 2335 3073 2331 3454 2330 3072 3675
2335: 2334 2331 3454 2920 3248
2336: 2337 317 732 3523 3356 3357 3443
2337: 261 2336 2033 732 3357
2338: 3476 1393 1101 2339 3128
2339: 3196 1393 2338 3128 3197 3628
2340: 2301 2300 2341 1559 3087 3851
2341: 1332 2340 3862 2300 3087 523 3086 3863
2342: 2343 725 497 3607 1529 1528
2343: 3146 1458 2342 3606 1528 3147 3607
2344: 3648 3410 2345 511 3649 2721
2345: 2344 2721 2259 511 2720 2433
2346: 2583 2820 2822 2347 2582 3889
2347: 2346 2822 3058 2535 3059 3889
2348: 2136 2349 3585 3081 2137 2373
2349: 2348 2869 2373 3679 2868 3081
2350: 3105 3527 2351 3432
2351: 3432 3526 2350 1943 1942 3527
2352: 2563 3629 2353 2562 3197 3628
2353: 3197 2563 2352 841 2988 2989
2354: 326 1010 1420 1995 2999 2355
2355: 2746 2999 2354 307 1420
2356: 633 2357 1689 3586 2443
2357: 192 2356 1689 1688 2443 3731
2358: 2148 2825 2741 2359 3244 3245
2359: 3047 2148 3245 2358 2538 3519
2360: 2005 2361 3717 3277 3318 3319
2361: 2360 2625 3717 2608 2609 3318 3716
2362: 1674 2363 2113 3366 1675 3367
2363: 2113 2362 1526 1675 3539 3538 3840 3841
2364: 3282 2365 1554 1555 2890 2891
2365: 3026 2364 2890 1555 1446
2366: 2309 2776 2308 2777 2367
2367: 2777 3844 2366 2308 2638 3075 3162
2368: 2369 1661 1660 1421 1162 2228
2369: 2368 1811 2228 1661 3117 2229
2370: 2371 1726 2521 3405 2057
2371: 2370 2904 2057 2056 3533 1726 1386
2372: 3046 2024 2539 2373 3047 3584 3585
2373: 2349 2372 2348 2024 2868 3585
2374: 1897 2375 1156 2657 2656 2806
2375: 1485 2374 2806 307 2962 1156
2376: 2377 2110 3711 3550 3551
2377: 1942 2376 2110 3710 2111 3711
2378: 1486 2121 3070 2379 1354 3071
2379: 1354 1486 2378 2387 2386 3546 3547
2380: 3004 2381 2273 3022 3788 3789
2381: 2273 2380 3022 3023 3067
2382: 1702 1703 2383 3082 3083 3518
2383: 1815 1814 1702 2382 3042 3518 3043
2384: 2817 2277 2385 2276 3029 2106
2385: 2101 2384 2100 2106 3029 3763
2386: 3546 2387 2379 3152 3153
2387: 3364 2379 2042 3152 2386 1486
2388: 2431 2389 2017 2957 1848 2430 2956
2389: 3134 2388 2227 2226 1848 2956
2390: 2909 3141 2034 2035 3163 2391
2391: 2909 2390 3162 3163 3753 3845
2392: 1656 3833 1441 2393 2706 2707 2717 3832
2393: 2257 1407 1440 2392 1441 3832
2394: 2395 1179 3834 3184 3185 3652
2395: 2394 1460 1461 1668 3834 3184 3835
2396: 2133 2397 2514 2515 3056 3351
2397: 2692 3351 2396 2133 1492 2693 3350
2398: 3623 2399 2835 2834 3446 3660
2399: 2398 3661 3212 3446 3660 3722
2400: 2029 2401 3849 1477 2028 3700
2401: 2400 2029 3240 3241 3849
2402: 2567 2403 3005 178 2566 2810
2403: 2402 2811 3819 2566 2810 3372 3373
2404: 1852 1581 2009 2405 2008
2405: 1501 2008 1500 1581 2404 2413
2406: 2407 2556 2427 3288 3404
2407: 1941 2406 2556 2427 1905 2866 2867
2408: 2518 2041 2040 2758 2409 3455
2409: 2758 2096 2408 2097 3455 3674
2410: 2436 1502 1706 2772 2411 2437
2411: 1707 1153 2410 1706 2437 3726 3727
2412: 2413 1536 1804 3193 1501 3192
2413: 2412 2008 2405 1804 3413 1501
2414: 2415 3386 2530 2699 3387 3751
2415: 2414 2670 2671 2970 2530 2699
2416: 2417 603 3187 2649 2468 3186
2417: 2416 2603 2602 590 2468 2649
2418: 3550 2419 3711 3095 3551 3091 3710
2419: 2418 1461 2270 1460 3095 3091
2420: 2421 1824 1825 2950 1653 2951
2421: 3430 2420 1653 1797 1895 2950 1796
2422: 2816 2653 2107 3747 1922 2423
2423: 1877 2422 2107 2490 2653
2424: 3255 2878 1176 2879 2425
2425: 1822 2424 3131 3794 2879 3255
2426: 2057 2056 2427 1904 2781 2780
2427: 1905 2426 2407 2057 1904 3404 2406
2428: 3233 3201 1728 2429 3049 3514
2429: 1729 2428 784 1728 3233 3746
2430: 2431 1590 1276 2017 2388 3172
2431: 2388 2430 1276 2214 2957
2432: 3776 2433 2258 2259 3531 3777
2433: 2432 3531 2720 1826 2345 1827 2259
2434: 2109 1573 1572 3306 2435 2516
2435: 187 2434 1133 2517 2516 3306
2436: 2410 2686 2772 1562 2437 2773
2437: 3727 1438 2410 2436 1562 2411
2438: 3340 3421 2836 2439 2737 2837
2439: 736 2482 2438 3340 3420 3421 3654
2440: 2180 2441 177 2181 2761 3895
2441: 1473 2440 2181 2761 3346 3347
2442: 2568 3379 3586 1646 2443
2443: 2356 2357 2442 3586 3378 3379 3731
2444: 2445 1539 2489 152 2480
2445: 2444 2480 2058 1539 2059 3132 2481
2446: 2127 3609 1259 3775 2447 2823
2447: 159 1769 2446 1259 3775
2448: 3015 2449 1763 2036 1459 2791 3014
2449: 597 2448 1649 1459 2036
2450: 3708 2119 2260 2451 2466
2451: 1730 2261 2260 2450 1818 3708
2452: 1587 2453 3326 2239 2794 2795 3327
2453: 1587 2452 2239 1586 1641 1640
2454: 1856 2455 2331 2750 2920 2921
2455: 2330 2142 1856 2331 2143 2454 1694
2456: 2457 1475 1614 2966 974 2696
2457: 1542 2456 1589 2966 974 2967
2458: 821 1791 2459 3742 1790 2491
2459: 1877 2458 2224 3742 2490 2491 3743
2460: 148 3329 2461 1932 2082 1933 3328
2461: 2039 2460 2082 148 2038
2462: 2463 1413 1636 2587 3178 3179
2463: 2462 1002 2092 2587 2093 1636
2464: 2465 2252 1863 2030 1750
2465: 636 2464 1750 2162 1751 2030
2466: 3708 2119 2450 2467 2135 3323 3709
2467: 2135 2466 3500 3709 3852
2468: 3186 2469 2924 2417 590 2925 2416
2469: 2468 590 407 2924 3166
2470: 1517 2471 2279 1516 1992 511
2471: 2826 2470 2259 1516 511 2258
2472: 2847 3604 2473 681 2846
2473: 3399 2847 3118 2472 3541 3604 3605
2474: 1627 2790 2219 3078 2209 2475 3079
2475: 2790 1673 1672 2474 2209 2037
2476: 799 3008 2878 1176 2302 2477
2477: 1828 1829 2476 1176 3008 3259
2478: 3316 2479 2126 2138 1211 3002
2479: 2478 3002 3043 3042 3316
2480: 152 2445 1594 1595 2444 2326 2481
2481: 1198 2327 2445 2480 2059 2326
2482: 736 2439 2483 1920 3542 3654
2483: 2482 2114 1920 334 3542 3543
2484: 2267 1760 2485 1781 3363 1780 3362
2485: 1343 1677 2484 2753 1760 1761 1780
2486: 1846 2639 3461 2487 2714 2715
2487: 2486 3075 2638 2639 2715 3074
2488: 2489 152 2580 2581 3243
2489: 2488 1539 2444 3243 152 3642 1538
2490: 2653 1877 1474 2423 2459 2491 2652
2491: 821 2458 2490 2459 1474
2492: 2493 1464 1465 1996 3238 3270 3271
2493: 2492 2207 1996 3239 3229 3238
2494: 2495 1747 1746 2267 3129 3362
2495: 2494 3362 1746 2187 1166 3760
2496: 1408 900 1605 2497 3113 3160
2497: 3439 1604 2496 1605 3160 3438
2498: 2854 2951 1825 2597 2499 1320
2499: 1825 2498 1824 2854
2500: 2501 1578 1579 3749 1510 3620 3621
2501: 2500 3620 918 2706 2707 3748 3749
2502: 1470 2171 2188 1471 2503 2170
2503: 3225 2170 1471 2502 2061 3224
2504: 2505 891 1968 1969 3427 3611
2505: 1969 2504 1179 3427 3426 3653
2506: 2507 476 2122 2268 2099 2269 3385
2507: 2506 2618 2099 2964 2965 3385
2508: 2509 1467 1764 1799 3040 1583
2509: 2508 1583 1798 1832 1799
2510: 1073 2717 2511 2716 3693 3769
2511: 1440 1441 2717 2510 3037 3769
2512: 1498 2513 1733 1732 3110 3111
2513: 2512 1732 1687 2566 2898 3110 3373
2514: 1453 2515 2133 2396 3438 3439
2515: 3160 2514 2396 3056 3438 3057 3161
2516: 3561 2517 2109 2434 2435 2607
2517: 2516 2435 187 3561 3768
2518: 2408 2041 1513 2519 2758 2759
2519: 1414 1491 1513 2518 2041 1490
2520: 2521 3536 2676 3289 3288 3537
2521: 2520 1727 2370 1726 2676 3288 3405
2522: 1586 1641 1153 2523 3452 3453 3726
2523: 3452 1325 2522 1641 546
2524: 1967 2325 2525 2544 3740
2525: 1967 2524 2544 2608 2609
2526: 1516 1542 974 1543 2527 2826
2527: 974 2526 2827 2697 2826 3448
2528: 3888 2529 1709 2291 2021 3889
2529: 390 2528 2021 2820 2821 3507 3888
2530: 2531 2970 3676 2414 2415 3387 3677
2531: 2530 1935 1934 613 2970 3676
2532: 1484 2533 2613 2963 3891
2533: 2542 1484 2532 2612 2598 2613
2534: 2535 3145 3044 3045 3059 3144
2535: 2534 3059 3045 2347 2822 2823
2536: 2593 778 2537 1875 2960 3466
2537: 778 1911 2669 2536 2668 3466
2538: 2539 2359 3047 3082 3519
2539: 2024 2538 2372 2025 3047 3082
2540: 2541 1820 1792 1844 3508 3509
2541: 1820 2540 1844 2060 2061 3225
2542: 2533 2598 2543 2734 2612 2661
2543: 2661 2542 2734 2735 3293
2544: 3740 2524 2525 1574 2545 2608
2545: 2608 2544 1574 3318
2546: 1429 515 2547 2905 3830 3831
2547: 2979 3830 2546 2278 515 2958
2548: 2549 1663 2832 2943 3220 3221
2549: 2548 1662 1663 3221 3330 3331
2550: 2551 2809 1735 2046 3205 3028
2551: 2550 1735 1734 3114 3115 3205
2552: 2193 1999 2553 2158 3470
2553: 2158 1999 2552 3361 3552 3616
2554: 2555 1599 3061 3492 3651 3822
2555: 2554 1599 3492 3167
2556: 2557 2406 2407 3288 2094 2866 3289
2557: 2556 2094 2287 2286 1924 3289
2558: 2762 1609 2559 1065 2197 3215
2559: 2558 2290 2291 2197 1708 3214 3215
2560: 2968 1266 3279 2561 678 2969
2561: 678 1266 2560 1646 3378 3379
2562: 1781 2352 1780 2563 3199 3629
2563: 2352 2353 2989 2562 981 3198 3199
2564: 208 2565 3657 1016 2900 3656
2565: 2084 2564 1537 2901 2900 3657
2566: 3373 1687 2567 2513 2403 2402
2567: 2402 3005 2566 1687 1686 53
2568: 2442 1646 1647 2569 3587 3586
2569: 65 1647 1968 2568 891 3587
2570: 2284 2571 2934 3048 3375 3473
2571: 3012 2285 2570 3583 2284 3375
2572: 2743 2176 2573 2754 2771
2573: 3367 2176 2572 1674 2754 2755
2574: 3684 2575 3685 3736 3764
2575: 2187 3764 2574 1394 2186 3685 3760 3761
2576: 510 2577 148 2038 3784 3785
2577: 2074 2576 2075 510 2038 474
2578: 2579 3253 2585 2984 2985 3422 3847
2579: 1906 2578 2585 3252 3253
2580: 3243 2280 2581 2488 2316 2281 3242
2581: 2317 2580 1595 2316 2488 152
2582: 3002 2126 2583 2346 2820 2821
2583: 2126 2346 2127 2582 2822
2584: 2067 218 2585 1907 3227 3422
2585: 1907 1906 2578 2584 2579 3422
2586: 1511 1413 2587 1579 3821 3820
2587: 2586 2093 2463 1511 2462 1413 3418 3419
2588: 1260 2728 2589 2861 3569 3568
2589: 1010 2044 2861 2588 1420 3569
2590: 2591 2872 2873 3484
2591: 3334 2013 2131 3485 2590 2012 3335 3484
2592: 1435 1434 2593 2960 2961
2593: 2536 1434 2592 2960 3467 3466
2594: 1612 1572 2079 2595 3272 3273
2595: 2079 1573 2594 1572 1755 2732
2596: 2597 2886 2887 3698
2597: 1574 2498 3698 2887 3699 2596 1320 2951 1575
2598: 1484 2599 2542 2734 2533 2998
2599: 2734 2598 1995 1994 2998
2600: 1891 1890 2601 3278 3799
2601: 2968 3018 1890 2600 1753 3019 3278
2602: 2603 2139 2417 2604 2649 1211
2603: 2602 2417 590 2604 2605 3680
2604: 2605 2602 2603 1211 3317 3316
2605: 3680 2604 1974 2603 3317 1975
2606: 2108 2109 2774 3829 2607 2775
2607: 3561 2109 2606 2516 2775 3560
2608: 3318 2609 2545 2544 2525 2361
2609: 1967 2608 2361 2525 2624 2625
2610: 1717 1716 2245 1278 2611 3882
2611: 2244 2245 2610 3883 814 3882
2612: 1722 2613 2661 2533 2542 1723
2613: 2612 2166 2533 2532 1723 3702 3890 3891
2614: 1915 2714 3461 3376 2615 1914 3377
2615: 1405 1915 3376 2614 3504 3505
2616: 2973 2617 2044 3285 2045
2617: 2616 2044 1560 3285 3569 2858 3568
2618: 2965 2619 2507 3385 465 1521 3384
2619: 1723 2618 1722 465 1521
2620: 1312 3154 2328 2220 912 2621
2621: 1592 1593 2328 2620 2169 912
2622: 2776 2623 2777 3219
2623: 3218 2622 3753 2777 3219 3766 3845 3844
2624: 826 1935 2625 1966 1967 2609
2625: 2361 2624 826 2609 3716
2626: 3511 1855 1950 1921 3314 2627 3315
2627: 1920 2626 3796 1921 3511
2628: 2629 1878 2014 1879 2329 1774
2629: 2628 2168 2329 1879 1979
2630: 1779 1523 3265 2631 2081
2631: 1522 2081 2630 1523
2632: 2633 2748 1940 2867
2633: 2632 2094 2095 2748 2866 2867 3237
2634: 2635 1884 1043 2658 3108 3353
2635: 3044 2634 3144 1043 3353
2636: 3494 2637 1621 1620 1839 3887
2637: 1621 2636 635 1839 1902
2638: 3163 3075 2487 2367 2639 3141 3162
2639: 1847 1846 2486 3141 2638 2487 3140
2640: 3305 1611 1610 1836 2641 3497
2641: 1652 3497 1745 2640 1744 1836 2805
2642: 1701 1986 1987 2643 2828
2643: 1282 2323 2828 2829 2642 1987 2322
2644: 3073 2813 1695 2645 679 2812
2645: 3340 679 1695 2644 2837 3341
2646: 2941 2647 2015 2238 3155 3720
2647: 2941 1816 2015 2646 1817 2922 2923
2648: 2649 1259 603 159 2139
2649: 2648 2602 2417 2416 603 2139
2650: 2651 1032 2052 3730 2053
2651: 2650 1634 1635 1032 192 3730 3578
2652: 1474 1729 2490 1615 2653
2653: 2422 3747 2490 2652 1729 2423
2654: 2655 3619 3228 3571 3659
2655: 2654 2207 3228 3571 3138
2656: 1897 2081 2374 2080 3401 2657 3397
2657: 3397 2374 2656 1156 3396
2658: 1884 2634 1885 2659 3108
2659: 3263 1689 3108 2658 1885 1596 3262
2660: 2661 1909 465 1722 3293
2661: 2543 2660 2612 3293 1722 2542
2662: 1790 2304 1540 1791 2663 3244
2663: 2824 2304 2662 3244 1048
2664: 2665 1659 2307 1843 2939
2665: 2664 2960 1843 2938 2939 3505 3343
2666: 2667 2202 2294 1567 2295 2760 3700 3701
2667: 1865 2666 1864 2294 1567
2668: 2669 2537 1911 341 2054
2669: 3875 3874 2668 2537 2054 3467 3466
2670: 2415 1584 2671 2699 3329 3328
2671: 1585 2971 1962 2415 2670 1584 2970
2672: 1650 1970 1557 1462 2673
2673: 1808 1650 2672 652 1462
2674: 1839 3265 2301 1772 2003 1875 1773 2002 2675 3264
2675: 2002 1945 1558 2674 1773 3183
2676: 2677 1727 2521 2520 3250 3536
2677: 3251 2700 2676 213 3536 3250
2678: 2679 2931 2255 2223 3566 3567
2679: 1423 2678 2315 2223 1851 3567
2680: 2681 2142 334 2143 1452 3543
2681: 2680 2248 2143 1857 1452
2682: 2312 3111 2683 1498 2722 1530 1499
2683: 2682 2313 2312 2722 2723 3638
2684: 2216 2217 2685 1859 3127 3418
2685: 2217 3418 2684 1684 1757 3419
2686: 2436 2687 1562 1563 2773
2687: 1563 2686 3460 2773 3171 1846
2688: 1673 3055 1434 1435 2037 2689 3874
2689: 1649 2036 2688 1648 2037 3055
2690: 2691 1380 1743 1379 2140 1494
2691: 2690 1928 2140 1436 1380
2692: 2693 2397 2183 1493 2115 1492 3797
2693: 2692 2132 2133 2115 2397
2694: 2695 1661 1660 2797 2993 3159
2695: 2796 2694 1661 1554 2797 3116 3117
2696: 974 1614 2157 2456 2697 2156
2697: 2156 974 2696 2527 3448 3449
2698: 2699 3751 148 3785 3328 3750
2699: 2698 2415 2670 2414 3328 3751
2700: 2677 2701 213 3536 3062 3063
2701: 3463 2700 3826 3063 313 3536 3537
2702: 3469 1927 2703 1929 1926
2703: 2862 2702 2232 1929 2129 3469
2704: 2882 2705 2839 1551 2925 859
2705: 2704 2882 2924 2925 3493
2706: 3748 1656 2707 1657 2501 2392
2707: 2851 2706 918 2392 2501 3833
2708: 2709 1594 2906 2907 3555
2709: 2708 1508 2048 1594 2326 1509 2907
2710: 2141 1926 1927 1946 2711 3142
2711: 2893 1489 1946 2141 2710 1947
2712: 1944 1945 2713 2857 2856 3077
2713: 2080 1944 2712 1778 2857 3400
2714: 2614 2715 2486 3377 3461
2715: 2714 1482 1483 2486 2487 3377 3074
2716: 1656 2314 1073 2103 2717 2510
2717: 1656 2510 2511 2392 2716 1441
2718: 3441 2321 2320 3478 2719 2776
2719: 2776 2718 3218 3219 3478
2720: 2433 2345 1827 2721
2721: 2345 2344 2720 2175 1827 3190 3410 3411
2722: 3286 1530 2682 2683 2723
2723: 3638 3286 2722 2683 2022 3287 3639
2724: 2725 213 2926 2927 3549 3778
2725: 229 2250 2724 213 2927 3062
2726: 1869 1868 1496 1497 2727 3156 2942
2727: 2942 1662 1663 1869 2726 3666
2728: 2729 2588 2173 2172 1260 1829 2861
2729: 3873 2728 2006 1260 1829 3258
2730: 3179 1984 2159 1637 2731 1636
2731: 3179 2159 2730 3471 3618
2732: 1755 2200 1573 2595 2733
2733: 2109 2201 1573 2200 2732 2108 3301
2734: 2599 2735 2598 2542 2543 1994
2735: 2009 2734 1852 2543 3293 1994 3292
2736: 1662 3666 3667 1948 2737 3330
2737: 3330 2736 2438 1948 2836 3421
2738: 2234 2739 557 1889 2322
2739: 2262 2738 557 2263 1889
2740: 2298 2149 2902 2741 3506
2741: 2148 2358 2298 2740 2825 2149
2742: 3576 2177 3688 2176 1623 2743 1622
2743: 2572 2176 2742 2771 3576
2744: 2152 2153 2247 2745 3213
2745: 2104 2153 2247 2744 1518 2801 2800
2746: 1420 2355 2806 2860 307 2747 2807
2747: 2746 2807 2860 2975 3636
2748: 2873 2632 2633 1940 2749 3237
2749: 3236 2748 2873 3237
2750: 1857 1856 2454 2921 2751 2768 2769
2751: 2921 2889 2750 2769 3216 3217
2752: 2753 3739 3198 546 2880 3199
2753: 2752 1780 2485 1343 546 3199
2754: 3593 2572 2292 2573 2770 2755 2771 3592
2755: 709 1674 2754 2292 2573
2756: 2105 2947 1789 1788 2757 3206 3207
2757: 2098 3207 2756 2947 3180 3181
2758: 3035 2409 2408 2096 2518 2759
2759: 1513 3175 2758 2518 3035 3174
2760: 2761 3346 2295 2666 2202
2761: 2760 2441 3895 2295 2440 3346 3894
2762: 2558 1645 3215 1609 2763 229
2763: 2250 229 1645 2762 2251
2764: 2765 2116 1629 3425 1316 3477
2765: 2764 1629 3880 3477 3838 3839
2766: 3696 2869 3678 2767 3679 3697 3860 3861
2767: 3678 2766 832 3300 3697 3828
2768: 2769 2249 1857 2750 2281
2769: 2768 2281 2316 2751 2889 2750
2770: 2754 3577 2771 2864 2865 3593
2771: 2743 2754 2770 2572 3576 3577
2772: 2773 2410 2436 1503 1502 1565
2773: 2772 1565 2687 2436 2686 3170 3171
2774: 1833 3697 2606 2775 3829 3828
2775: 2070 2606 1833 2607 2774 2071 3560
2776: 2622 3504 1482 2366 2309 2719 3441 2718 1483 2777 3219
2777: 2367 2366 2623 2776 2622 3844
2778: 1968 2164 65 2779 3388 3389
2779: 3103 2164 2778 65 3728 3102 3729
2780: 2781 1917 2426 2056
2781: 1917 1940 2780 2426 2175 1904
2782: 2814 1793 2783 3114 3115 3445
2783: 1793 2312 2313 2782 3445 2980 2981
2784: 1835 3007 1864 1865 2785 3066
2785: 3066 2784 2990 3006 3007 3682 3683
2786: 2153 2152 2787 1601 2983 3723
2787: 814 1600 1601 2983 2786 2244
2788: 3738 2789 1964 2881 2880 3739
2789: 1059 1312 2788 3738 1964 912 3877
2790: 2475 2474 2219 2037 2791 2036
2791: 1763 2218 2036 2219 2790 2448
2792: 2063 2793 2062 1255 3695
2793: 2792 2063 1697 3694 2832 2943 3695
2794: 2296 3168 2452 2795 3169 3327
2795: 1438 1587 2794 2452 1439 3169
2796: 2798 2695 1554 2797 3282 3283
2797: 2993 2695 2796 1693 2694 2798 2992
2798: 2796 2799 2797 1693 3283
2799: 3529 3283 2798 1693 3313 3437
2800: 2104 2105 2745 2801 2946
2801: 1347 2745 2800 2946 2153 2983 2982
2802: 2803 3256 1326 1862 2819 3428
2803: 2802 1863 1862 1326 3682
2804: 2805 1797 252 1744 2910 2911
2805: 2804 1744 1652 1797 2641
2806: 307 2746 1897 2375 2374 2807
2807: 1897 1896 2746 2806 2747 3636
2808: 2809 1821 2078 1754 2064 3205
2809: 2808 2550 2064 2046 3205
2810: 2402 3892 178 2811 2403
2811: 2403 2810 3818 3819 3892
2812: 1625 2813 2644 679 1624
2813: 2644 581 2812 1625 1443 3072 3073
2814: 3115 2782 3869 1445 2815 3444 3445
2815: 1873 1445 3115 2814 1734 1448
2816: 2422 1922 2106 2107 2817 3354
2817: 2384 2106 2816 2276 3354
2818: 2899 1687 3428 1686 2819 2898 3429
2819: 3428 2205 2802 2818 1686 1326
2820: 2346 3889 2529 3888 2582 2821
2821: 2529 2820 390 2582 3002 3003
2822: 2127 2346 2347 2535 2583 2823
2823: 3045 2127 2446 2822 2535 3609
2824: 1048 2663 2299 3244 2298 2825
2825: 2358 2741 2824 3244 2298
2826: 2258 2471 2827 2526 1516 2527
2827: 3448 2826 2527 2258 2155 3776
2828: 1701 2643 1427 3051 2642 2829
2829: 1888 1889 2643 2828 2322 1427
2830: 2831 1669 3125 3124 3787 3814
2831: 3124 2830 1669 1668 837 3184
2832: 2943 2548 2793 2833 2063 3220
2833: 1691 3220 2063 2832 1690
2834: 2835 177 2180 2398 3358 3622 3623
2835: 2834 1982 2398 3446 2180 3447
2836: 2837 1949 2438 2737 1948
2837: 2836 679 2438 1949 2645 3340
2838: 1550 1551 2839 3295 3489
2839: 2704 2838 1551 2925 3187 3186 3489
2840: 3491 2841 3013 3299 3530 3582
2841: 2840 1840 3299 3013 3012 2285 1841 2175 3298
2842: 1140 1741 3016 1466 2843
2843: 1740 1741 2842 1974 3016 3681
2844: 1470 2253 2189 2845 3671
2845: 1068 2253 2844 1750 2189
2846: 3120 681 2896 2847 2472 3121 3635
2847: 3104 2473 2472 2846 2896 3540 3541
2848: 2225 2137 2849 3080 3081 3762 3763
2849: 3080 2100 2848 3763 3857
2850: 2851 2256 705 1548 3837
2851: 2850 918 2707 2256 3837 3833
2852: 313 2853 2287 542 3462 3463
2853: 542 2852 1925 2287 1924 3435
2854: 1320 1824 2498 1837 2499 2855
2855: 2887 1836 1320 1837 2854 1800 1611
2856: 3077 2857 2712 992 3725
2857: 3725 1896 2856 2712 2713 3400 3637
2858: 2859 1560 2617 3211 3568
2859: 1749 2858 3568 3211 1260 3872
2860: 1420 2975 2173 2746 2747 2861
2861: 2589 1420 2173 2860 2728 2588
2862: 2703 2232 2128 2129 212 2863
2863: 3424 2128 2862 1316 212
2864: 3281 1710 1445 2770 3577 2865
2865: 3593 1449 2864 1445 2770
2866: 2094 2633 2407 2556 2867
2867: 1941 1940 2633 2866 2632 2407
2868: 2869 2024 2373 2349 3370 3371
2869: 3371 2766 2868 2349 3860 3679
2870: 1806 2871 3781 3755 1807 3308 3309
2871: 3240 2870 2029 3781 3309 3241 3780
2872: 3484 2873 3896 2590 3236 3897
2873: 2748 2872 1940 2749 3236 2590
2874: 1569 1568 2875 3308 3792 3754
2875: 1569 2874 3602 3792
2876: 2877 3123 3611 3427 312 3122 3610
2877: 2876 1375 1830 312 3610 3625
2878: 2476 2424 2302 1176 2879
2879: 2424 2425 2878 2302 3390 3794
2880: 2881 546 2752 1325 2788 3739
2881: 2880 1964 1965 2788 1325
2882: 859 2704 3493 2705 2883 3106 3107
2883: 591 2882 3106 3492 3493 3822
2884: 1525 2073 3626 2952 2885
2885: 3812 312 3626 2884 3122 2952
2886: 1322 3276 2887 2596 3698 1800
2887: 2855 2886 1800 2597 1320 2596
2888: 2317 3554 3216 2889 2932 2933
2889: 2751 2769 2317 2888 2316 3216
2890: 2891 1166 2365 2364 2187 2186 3026
2891: 1166 2890 2364 3312 3282 3283
2892: 1488 1742 1743 2893 3459 3858
2893: 2711 1379 2141 1488 2892 1489 1743
2894: 2895 1913 3884 2010 1698 1868
2895: 3884 2894 1868 1571 1714 3885
2896: 2846 2847 2897 3104 3635
2897: 1866 2896 3104 263 3634 3635
2898: 1732 2818 1687 2899 2513
2899: 2818 1732 2898 919 3429
2900: 1016 2901 1685 2564 2565
2901: 1534 2198 2900 2565 1685 1756 2084
2902: 2903 1505 2740 2298 3506 1504 1515
2903: 1515 2902 2020 3506 2021 3507
2904: 2371 428 1386 2905 3533
2905: 428 3831 2904 2546 1429 3533
2906: 2907 2933 2708 3535 3555
2907: 2906 1508 2709 2916 3535 2708 2917
2908: 1145 1776 2297 2034 1777 2909
2909: 2390 2391 1145 2908 2034 3752 3753
2910: 1744 2911 1456 2804 1457 3807
2911: 252 1457 2910 3050 2804 3051
2912: 2913 1878 1775 2948 1279 3133
2913: 2912 1538 2948 1539 3132 3133
2914: 3557 3662 2915 1577 3855
2915: 1913 3885 3557 2914 1577 1912 3884
2916: 3535 2160 2907 2161 653 2917
2917: 2161 2907 2916 1508 3806
2918: 2130 2919 2013 1784 3380
2919: 3018 2918 3380 1665 1784 1752
2920: 2921 2331 2335 2454 3248 3217
2921: 2751 2920 2750 2454 3217
2922: 2923 1817 2066 2647 3811 673 3810
2923: 2922 2647 3810 2940 2941 3864
2924: 2468 2925 3166 2705 2469 3167 3493
2925: 3186 2924 2704 2705 2839 2468
2926: 3549 2724 51 2927 3101 3548
2927: 3215 2725 2724 2926 229 3101 3214
2928: 2929 3706 595 3714 3715
2929: 116 2928 3714 3706 3661 66
2930: 261 2931 2255 595 3707 2222 3706
2931: 2678 2222 2930 2223 2255
2932: 3216 2933 1786 1787 2888 3534 3535
2933: 2932 2906 2888 3554 3535 3555
2934: 1954 3473 2570 3840 2935 2284
2935: 1841 2284 3538 2934 1840 3840
2936: 2937 3344 1952 3594 2086 2976 3595
2937: 638 2936 2087 2086 3344
2938: 3505 2939 62 1783 2665
2939: 1783 2307 2938 2664 2665
2940: 2941 3326 2238 3864 2923 3327
2941: 2940 2646 2647 2238 2923
2942: 2943 3157 2727 3156 1663 2726
2943: 2942 2832 3157 1663 2793 2548 1697
2944: 1430 1855 1854 2945 3498 3510 3511
2945: 2182 1430 2944 3336 3337 3510
2946: 1892 2947 2105 2801 2800 1347
2947: 2946 2756 2105 2757 1892 3181
2948: 2949 2913 2912 1878 1538 1879
2949: 1408 2948 1979 3643 1879 1538
2950: 2420 2421 1895 2951
2951: 2498 1895 1825 2420 1894 2950 2597
2952: 3813 928 2884 2885 2073 2953 3812
2953: 3335 3334 928 2952 75 2073
2954: 3898 166 2955 3093 3177 3899
2955: 3177 2234 3093 2954 2235 3092
2956: 2226 2957 2389 3414 2388
2957: 2956 2214 2388 2215 2431 3414
2958: 515 1992 2547 2278 2959 2279
2959: 1992 515 1607 2958 2118
2960: 2961 2665 2536 2593 2592 3343
2961: 2960 1435 3342 2592 3054 3343
2962: 1484 2375 1485 1156 2963 1989
2963: 1989 3891 1484 2962 2532
2964: 3180 2965 2274 2099 2507 2098
2965: 2618 2964 465 2275 2274 2507
2966: 2967 821 2456 2457 1475 2305
2967: 2966 1588 2457 2305 141 1589
2968: 2560 2601 3278 2969 1753 3279
2969: 2968 2560 1753 1266 1831 3624
2970: 2530 2415 2971 2671 1934 2531
2971: 2671 1963 2970 1934 1962 826
2972: 1500 2973 3284 3285 3632
2973: 2616 1500 1580 2972 2045 3285
2974: 3254 2172 1215 2975 2173 3724
2975: 2860 2173 3636 2974 2747 3724
2976: 1696 1952 2936 2977 3344 3345
2977: 1952 3156 1497 1696 2976 1953
2978: 2979 3191 3648 3190 3411 3649 3830
2979: 2547 2978 2278 3830 3648
2980: 1793 2783 2981 3508
2981: 1499 2312 3508 2980 2783 3509 3870 3871
2982: 1347 2245 2801 1812 2983 2244
2983: 2153 2244 2787 2801 2982 2786
2984: 2985 3847 2578 3816 3817
2985: 1279 3423 2984 3816 3422 2578 3133
2986: 2987 1811 1555 3116 1810 3117
2987: 2986 1630 1446 1555 1810
2988: 442 841 1436 2353 1437 2989
2989: 3876 2563 442 2988 2353 981
2990: 3067 2785 3683 2273 2991 2272 3066
2991: 2204 2205 2272 3683 2990 1326
2992: 1692 1693 2993 2797 3267 3513
2993: 2797 3159 2992 2694 3267
2994: 3065 2995 138 1397 3064 3664
2995: 2994 3064 1397 1678 3290 3291
2996: 2230 2050 2005 1273 2004 2997
2997: 3304 3521 2050 2996 2004 3520
2998: 1485 1484 2599 2598 1995 2999
2999: 2355 2354 1485 2998 307 1995
3000: 2124 2212 3001 3195 3630 3631
3001: 2212 2213 2124 3000 2306 1782
3002: 2582 3043 3003 2126 2821 2478 2479
3003: 3002 3043 2821 1814 390
3004: 2380 1468 1956 178 3005 3788
3005: 2402 2567 1956 3004 53 178
3006: 1863 3007 2785 2030 3682
3007: 3006 1864 2784 2030 2785 2031
3008: 3259 799 2476 2477 1162 3009
3009: 1421 3259 3008 1162 2007
3010: 3011 3897 3434 20 3068 3069 3435 3896
3011: 3010 1890 1891 20 3434
3012: 2571 2285 2841 3013 3583
3013: 2840 2841 3012 3582 3583
3014: 3015 1458 1459 2448 3147
3015: 3014 2448 1762 3147 1763 3736 3737
3016: 3017 1140 2842 2843 2283 3681
3017: 3016 3681 2283 1598 407
3018: 2919 2601 3019 1784 1752 1785 1753
3019: 1890 3018 2601 1785 20
3020: 1506 3021 3124 837 1861 1972
3021: 3020 1972 441 3124 3125
3022: 3023 3241 3848 2381 2380 3416 3417
3023: 3022 1834 1835 2381 3417 3067
3024: 3084 3151 2210 2083 2211 3025 3150
3025: 2039 3151 3024 2083 3260 3261
3026: 3685 2365 2186 1446 2890 3027
3027: 1446 3026 1447 1341 3685
3028: 1735 2047 2046 2277 2550 3029
3029: 2384 2385 2047 3028 2101 2277
3030: 27 2165 3202 3031 3203 3310 3311
3031: 1576 2076 2077 3202 3030 3310 3854
3032: 909 3879 3263 3033 3262 3744
3033: 1960 3644 1885 3879 3032 3645 3262
3034: 1962 1585 547 3035 3174
3035: 2758 1585 3174 3034 2096 2759 3393
3036: 3037 1617 2070 3560 1440
3037: 3036 3768 1440 2511 3560 3561 3769
3038: 1473 1807 3039 3347 3780 3781
3039: 1651 1473 3038 1807 1556
3040: 3041 2508 1583 1140 1467 2319
3041: 2318 3040 146 2319 1583
3042: 3043 2383 3317 1702 2479 3316
3043: 3042 3002 3003 2383 2479 1814
3044: 2635 3608 1043 2534 3045 3144
3045: 2823 2535 3044 2534 3608 3609
3046: 2372 3047 1541 1540 3584 3245
3047: 3046 2359 2372 2539 2538 3245
3048: 3049 2570 3268 3472 3375 3473
3049: 3048 3268 3515 3200 3201 2428 3472 3514
3050: 1700 2911 1457 1701 3051
3051: 1427 2828 2911 3050 1701 252
3052: 1884 1043 3608 3053 670 3644
3053: 1768 670 3608 3052 3774
3054: 3055 1648 3342 1435 2961 3302 3303
3055: 3054 2688 1435 1648 2689
3056: 1990 3057 2515 2396 3351
3057: 3056 2515 1990 3231 3161
3058: 2291 2347 2290 3889 3059
3059: 3145 2196 2535 2347 3058 2534 2290
3060: 1599 1881 1880 2332 2282 3061
3061: 3651 1599 3060 2332 2554 3650
3062: 213 2700 2725 3063 2250
3063: 2250 2251 2701 2700 3062 3826
3064: 1561 1678 2995 1887 2994 3065
3065: 2994 1561 3064 3210 3664 3211
3066: 2785 3067 2784 2990 1835
3067: 1835 2990 3066 2273 2381 3023
3068: 3010 3237 3069 3236 3897
3069: 1925 3010 3068 2095 3237 3435
3070: 2121 3071 2378 2321 2120
3071: 3440 3070 2320 2378 2321 1487 1486 3441
3072: 1442 1443 3675 2334 2813 3073
3073: 2644 2334 2330 3072 2813 1695
3074: 1482 2715 2309 3075 2487
3075: 2638 2308 2487 2309 3074 2367
3076: 3183 1945 3130 3077 3182 3131
3077: 992 2856 1945 3076 3130 2712
3078: 3079 2218 2474 2219 1341 1447
3079: 3078 1630 1631 2474 1627 1447
3080: 3081 3857 2849 832 3678 2848
3081: 3080 2137 2348 2349 2848 3678 3679
3082: 3083 3518 2025 2382 2538 2539 3519
3083: 3082 1533 2382 1703 2025
3084: 2211 3024 1625 581 2083 3085
3085: 3719 1933 2082 3084 581 2083 3718
3086: 3801 1332 3087 2341 3391
3087: 3391 2341 2340 3795 3086 3851
3088: 3579 1634 3145 3352 3089 3144
3089: 2197 2196 3579 3088 1065 3145
3090: 3813 1671 928 2271 3091 2270
3091: 2270 2419 1671 1670 3090 3710 2418
3092: 557 2235 2262 2955 3093 3441
3093: 1654 1655 2955 2954 3092 3441 3899
3094: 2111 1669 2110 3095 3551 3814 3815
3095: 1461 2419 3551 3094 2418 1669
3096: 3097 2288 600 3252 3612 3613
3097: 3096 2043 3252 3613 3152 166 3153
3098: 3564 1918 3099 1450 1718 3234
3099: 3339 3098 3234 1450 1705 3235
3100: 1514 3101 2020 51 1708 1709
3101: 3100 1708 51 2926 2927 3214
3102: 1597 633 3103 2779 3729
3103: 2779 633 3587 3102 65 3586
3104: 2847 3540 3105 2897 2896 1866
3105: 2350 3104 1866 3432 3527 3540 3433
3106: 591 2883 2882 3107 3705 3824
3107: 859 1766 3106 1767 2882 3705
3108: 1689 2634 3353 2659 2658 1688 3109
3109: 1635 3108 1688 3352 3353
3110: 1531 2512 3373 3372 3111 2513
3111: 2682 2512 1531 3110 1498 1530
3112: 3230 3161 3686 3113 1978 3231 3687
3113: 1408 1978 3160 3112 2496 3161
3114: 3204 3115 1793 2551 2782 3205
3115: 2814 3114 2815 2551 1734 2782
3116: 1554 3117 2986 1555 2695
3117: 3116 2369 2986 1811 2695 1661
3118: 2473 3119 3399 1431 3433 3541
3119: 3118 1431 3399 3406
3120: 2846 1959 1958 1360 3635 3121
3121: 3386 2846 3120 1360 681
3122: 2885 3573 312 3123 2876 3812
3123: 2876 3122 3427 3426 3572 3573
3124: 837 2831 3125 3020 3021 2830
3125: 441 3124 2830 3021 263 3787
3126: 3127 1657 3749 1859 1510 3748
3127: 3418 1511 3126 1859 1510 2684
3128: 3129 2338 2339 1101 1747 3628
3129: 2267 3128 2494 3628 2266 1747
3130: 3131 3076 3077 3254 992 3255
3131: 3130 2425 1822 3076 3182 3255
3132: 1539 2445 2913 2058 3133
3133: 1279 2058 2912 3132 2913 2985 3816
3134: 2389 3135 1849 2227 1848 3456
3135: 3808 3134 3457 2069 2227 3456 3809
3136: 3137 1794 507
3137: 3136 1468 3689 1794 1737 507 1480
3138: 3139 2207 2655 2206 3571
3139: 2192 3138 2206 1803 3570 3571
3140: 3141 1847 2639 2035 3395 3394
3141: 2390 3140 2639 2638 2035 3163
3142: 1926 2710 1946 3143 3791 3790
3143: 2194 3791 1926 3142 2195
3144: 2635 3088 3044 3145 2534 3352 3353
3145: 2534 3059 3088 3089 3144 2196
3146: 2343 3147 3765 3606 3737
3147: 3146 3737 3015 3014 2343 1458
3148: 1402 814 1418 3149 3563 3883
3149: 3656 3563 3148 208 3882 3883
3150: 1912 2210 1699 3151 3024
3151: 3556 3024 3025 1912 3150 3260 3557
3152: 2042 2387 3097 2386 2043 3153
3153: 3546 1906 3097 3152 3252 2386
3154: 2620 2329 3155 2014 2328 2220 2015
3155: 3154 2015 2220 2646 3720
3156: 1497 2977 2942 2726 1696 3157
3157: 2942 2943 1696 3156 1697
3158: 3267 3403 3159 3247 3402
3159: 3267 1660 2993 3158 3403 2694
3160: 2515 3161 3113 2497 3438 2496
3161: 3160 3112 2515 3113 3057 3231
3162: 2391 2367 3163 2638 3845 3844
3163: 2638 2390 2391 3162 3141
3164: 3606 1882 1394 3165 3765
3165: 3363 1761 1760 3164 1882 1394
3166: 1599 1598 2924 2469 407 3167
3167: 3492 3493 1599 3166 2555 2924
3168: 2794 2034 2296 2035 2297 3169
3169: 3395 1439 2794 3168 2795 2035
3170: 3171 2144 2145 2773 1565
3171: 3170 2687 2145 2773 1914 3460
3172: 3173 1590 2430 1276 3321
3173: 1276 3172 3321 3620 3621 3836
3174: 3175 3035 3034 2759 547
3175: 547 3174 2759 2230 1513 2231 1512
3176: 2323 1282 2234 3177 3612 3613
3177: 166 2955 2234 3176 2954 3613
3178: 3179 1413 2462 3619 3618 3658
3179: 3178 2731 2730 1636 3618 2462
3180: 2964 2098 3181 2274 2757
3181: 1893 1892 3180 2757 2274 2947
3182: 1558 3183 3076 1823 1822 3131
3183: 3076 1558 3182 2675 1945
3184: 837 1668 2395 2394 2831 3185
3185: 3652 1930 837 3184 2394 1931
3186: 2925 2468 3187 2839 2416
3187: 3186 3489 2416 2839 603 3488
3188: 3189 2199 2198 1534 3524 1535
3189: 3188 1535 1426 963 3524
3190: 3191 2978 2721 2175 3411
3191: 2978 3190 3830 2175 2174 3831
3192: 1536 2085 2412 1871 3193 1870
3193: 1870 2412 3192 1501 3633 3632
3194: 725 1564 3195 3631 1529
3195: 2212 3194 1529 3631 1724 3000
3196: 3424 1393 2339 212 841 3197
3197: 841 2353 2339 3196 3628 2352
3198: 981 2752 3739 2563 3199 3738
3199: 1780 2562 2752 3198 2563 2753
3200: 2156 2157 3049 3201 3268 3269
3201: 2428 2157 3049 3200 1728
3202: 3662 3031 3030 3203 3663 3854 3855
3203: 3772 3030 3202 3503 27 3773 3663
3204: 3114 1792 1821 1793 3205
3205: 2550 2809 1821 3114 3204 2808 2551
3206: 1788 3297 2756 3332 3207 3296
3207: 2098 2757 2099 3206 476 2756 3296
3208: 2090 732 2254 2091 3209 3522 3523
3209: 3307 2090 3522 3208 1133 3805
3210: 3211 3664 3065 1749 3246 3665
3211: 3210 2858 2859 3065 1749 1561 1560
3212: 3722 2152 3446 2399 3213
3213: 2247 3446 2152 3212 2246 2744
3214: 1708 3215 2559 2927 3101
3215: 2927 3214 2762 229 2559 2558
3216: 2932 3217 2888 2889 1787 2751
3217: 3216 2921 2920 1787 2751 3248 3249
3218: 2623 2719 3219 3478 3479 3766 3767
3219: 2776 2623 3218 2622 2719
3220: 1690 2833 3221 2548 2832 3315
3221: 1951 3331 3220 2548 3314 2549 3315
3222: 3784 3223 1360 1959 3750 3785
3223: 3222 3784 1973 510 1959 3601
3224: 2185 1471 1845 3225 2503
3225: 2061 2503 1844 1845 3224 2541
3226: 3227 218 3759 1389 673 3758
3227: 2067 3226 218 2584 673
3228: 3229 3659 2654 2655 2207 3770 3771
3229: 3228 2207 2493 1210 3770 3239
3230: 729 3112 1991 1592 3231 3687
3231: 1990 3057 3112 3230 3161 1991
3232: 784 3233 709 1955 2293
3233: 2428 3232 784 1955 2429 3514
3234: 1718 3574 3099 1036 3098 3235
3235: 3099 3234 1036 3338 3339 3800
3236: 3237 2749 2872 2873 3068 3897
3237: 3236 2095 3068 2748 2749 3069 2633
3238: 1464 3239 1849 2016 2492 2493
3239: 1210 3238 2493 2016 3229
3240: 2871 3241 2401 2029
3241: 3022 3240 3308 2401 2871 3309 3849 3848
3242: 3243 1605 2280 900 2580
3243: 3242 2580 2489 900 2488 3642
3244: 3245 2663 2824 2825 1540 2358 2662
3245: 2359 3244 3046 1540 3047 2358
3246: 3402 1749 3210 1748 3247 3665
3247: 3665 3246 3158 3266 3267 3402
3248: 3249 2920 3217 2335 2040 3454 3455
3249: 3248 1787 2040 3217
3250: 1727 2676 3559 3251 2677 3713
3251: 2677 213 3559 3250 3778 3779
3252: 3253 3097 3153 2579 1906 3096 600
3253: 3252 3846 2578 2579 600 3847
3254: 2974 992 3724 3130 1215 3255
3255: 1176 2424 3130 3131 3254 2425 1215
3256: 2252 2253 2802 1862 3670 3428 3257
3257: 2184 3256 3428 3429 3670
3258: 3259 2729 2006 1829 2007
3259: 3258 3008 3009 2477 2007 1829
3260: 3025 3261 3151 2074 734 3556
3261: 2074 2038 3260 3025 2039
3262: 1885 2659 3033 3263 3032
3263: 909 2659 3032 1596 3262 3598
3264: 1778 17 2674 1772 3265
3265: 1839 2674 1778 2630 3264 1779 1523
3266: 3513 138 3247 3267 3512 3664 3665
3267: 3159 3158 2993 3513 3266 3247 2992
3268: 3375 3049 3048 3200 3269 3374
3269: 2154 2156 3200 3268 3374 3449
3270: 3271 1997 1996 2492 2194
3271: 3270 1465 2194 2492 3791 3843
3272: 2170 1612 3273 2061 1613 2594 2060
3273: 3272 2079 2594 2060
3274: 1640 3326 2238 2239 3275 3720 3721
3275: 1965 1640 3274 3721 2221
3276: 2886 1322 3319 3277 3698 3699
3277: 1322 2360 2004 3276 2005 3319
3278: 2241 2968 3799 2600 2601 3279
3279: 2560 2241 3278 678 2968
3280: 1622 2178 1795 2023 3281 3576 3577
3281: 2864 1711 1710 3280 2023 3577
3282: 2364 3283 2891 2796 1554
3283: 2799 3282 2796 2891 2798 3313 3312
3284: 2147 3285 2972 1886 3632 3633
3285: 1886 2616 2617 3284 1560 2972 2973
3286: 2722 2723 1530 3615 1011 3287 3614
3287: 2178 2179 2723 3286 2022 3615
3288: 3404 3289 2556 2521 2406 2520 3405
3289: 3537 2286 3288 2556 2520 2557
3290: 1349 3291 1678 3360 1679 2995
3291: 3290 3361 2995 1397 3360 3553
3292: 3803 3293 2009 1909 2735
3293: 3292 2661 2735 1909 2660 2543
3294: 3295 3695 1550 3345 3344 3694
3295: 3294 1550 3344 638 2838 3489
3296: 2268 3207 1901 476 3297 3206
3297: 3206 1901 3296 1900 3332 3333
3298: 2175 3299 1827 3531 1826 3530 2841
3299: 3298 2841 2840 3530
3300: 832 3829 3301 2201 2767 1359 3828
3301: 2108 3300 2733 3829 2201
3302: 3303 3054 2311 1648
3303: 3302 1658 1842 2311 3054 1659 3342
3304: 3305 2997 2050 2051 3475 3521
3305: 3304 1610 2640 3521 3475 3497
3306: 1612 2434 2435 1572 3307 1133
3307: 3209 1133 1612 3306 3805
3308: 3792 2870 2874 3241 3309 3754 3755
3309: 2871 2870 3308 3241
3310: 3031 2077 3030 3311 3599 3728
3311: 2165 3728 3310 3030 2164
3312: 2891 3283 1166 3313 1746
3313: 1746 3437 3283 3312 2799 3436
3314: 3315 1950 2626 3221 1951
3315: 3314 2151 3221 2626 1855 3220 1690
3316: 2478 1211 2479 2604 3317 3042
3317: 1702 2604 2605 3042 3316 1975
3318: 2608 1575 2360 3319 2545 2361 1574
3319: 3699 3318 3276 2360 3277 1575
3320: 3597 1578 3321 1591 3821 3596
3321: 1590 3173 3320 1578 3172 3621 1591
3322: 2135 1517 2134 1543 1993 3323
3323: 2119 2135 3322 2466 1993
3324: 3325 3793 3589 1602 3603
3325: 3324 3603 1619 3588 3589
3326: 2940 2239 3274 2452 2238 3327
3327: 2296 2452 2940 3326 2794 3864
3328: 148 3329 2698 2460 2699 2670
3329: 3392 3328 2460 1584 1932 2670
3330: 1662 3421 2737 2549 2736 3331
3331: 3221 1951 3330 2549 3420 3421
3332: 1463 3206 1809 3297 1788 3333
3333: 1619 1900 3332 1809 3297
3334: 2012 2591 3335 1524 2953 2072 2073
3335: 2953 3710 1670 3334 1671 2591 75
3336: 1430 3337 2018 2945 1425
3337: 3336 2019 2182 2018 3581 2945
3338: 3391 3800 3390 3235 2303 3339 3801
3339: 2303 3099 1704 3338 3235 1705
3340: 2438 2645 3341 2439 2837 3654
3341: 3340 1694 2645 3655 1695 3654
3342: 3343 2961 3054 3303 1842
3343: 3342 2665 2961 1842 2960 1843
3344: 3345 2936 2937 3295 2976 638 3294
3345: 3344 2976 3294 1696 3694
3346: 2760 2202 3347 2441 2761 2203
3347: 1473 3346 2203 3038 2441 3780
3348: 3457 3349 1465 3641 3456 3843
3349: 3641 3348 775 3457 2069 2068 3640
3350: 3459 3351 3859 1492 2397 3458
3351: 3350 2397 3056 1990 2396 3458
3352: 3353 1635 3088 3144 3109 1634
3353: 3352 3108 2634 3109 3144 2635
3354: 2276 3545 1923 3355 2816 1922 2817
3355: 3544 1872 3354 2276 380 3545
3356: 1068 2336 317 1976 3357
3357: 1712 2336 2337 3356 1976 2033
3358: 3622 3359 2834 1713 177
3359: 636 3358 1713 1977 177 3734
3360: 3361 3290 1985 1349 3291
3361: 3360 1985 3553 3291 2158 2553 3552
3362: 2495 3363 2494 2267 3761 2484 3760
3363: 3165 3362 2484 3761 1394 1760
3364: 2387 1486 2042 1655 3365
3365: 3440 1486 3364 1487 1655
3366: 2113 2362 2176 2112 3367
3367: 2573 2362 3366 2176 1674
3368: 1860 1507 2190 2191 3773 3369 3772
3369: 27 1507 3368 3482 3772 3483
3370: 2025 1532 3371 2024 1764 2868
3371: 2869 3370 1764 2868 1799 3860
3372: 3373 3110 1531 2403 3819 3818
3373: 2566 3372 3110 2513 2403
3374: 3375 3583 3269 2154 3268 3490
3375: 3268 3374 3048 2571 2570 3583
3376: 2614 2615 1483 3377 3504
3377: 2715 2614 3376 1483 2714
3378: 3731 678 2053 2443 2561 3379 3730
3379: 1646 2442 3378 2443 2561
3380: 2013 3381 1665 2919 2918 1664 2012
3381: 3626 1525 3380 1664 1524 2012
3382: 187 2090 3692 1133 3383 3693
3383: 1850 2090 3382 2091 3567 3693
3384: 2122 3385 1521 1680 2618
3385: 3384 2618 2122 2506 2507
3386: 1360 3121 2414 3751 681 3387
3387: 3677 2414 3386 2530 681
3388: 1969 3389 1968 1642 2778 1643
3389: 3388 2165 2778 2164 1643 3482 3483
3390: 3338 2302 2303 2879 3391 3794
3391: 3338 3087 3390 3086 3794 3795 3801
3392: 3329 1584 3393 1932 1585
3393: 2096 3392 1585 1932 1378 3035
3394: 1847 1439 3395 1563 3140 1562
3395: 3169 3394 3140 2035 1439
3396: 1522 1156 1395 2657 3397 1479
3397: 2657 1522 2656 3396 2081
3398: 3591 3407 3406 10 3399 3605
3399: 2473 3118 3406 3398 3119 3605
3400: 2857 2080 2713 1896 3401
3401: 1897 2656 3400 1896 2080
3402: 3246 3247 1748 3158 3403 2007
3403: 1421 2007 3158 3159 3402 1660
3404: 3288 2427 2406 2057 3405
3405: 2370 3288 3404 2057 2521
3406: 3407 3398 3399 1431 3119 3741 10
3407: 3398 3406 10
3408: 1813 3409 2236 1893 2237
3409: 3802 3408 1908 2237 1893
3410: 3411 2344 2721 3649
3411: 3410 3649 2978 3190 2721
3412: 1720 1721 1805 1804 1717 3413
3413: 2413 1721 3412 2008 1804
3414: 2215 2956 2957 2226 3650 3415 3651
3415: 2226 3823 3414 591 3651
3416: 1566 3022 1476 3417 3848
3417: 1834 3023 3416 1566 3022
3418: 3127 1511 2685 2587 2684 3419
3419: 2093 2685 3418 1757 2587
3420: 1950 3421 1951 2439 3331 736
3421: 3420 3330 2438 2737 3331 2439
3422: 2067 2985 2585 2578 3423 2584
3423: 2985 2067 1279 3422 1939
3424: 2863 212 3196 1393 1316 3425
3425: 2764 1393 3424 1316 3477 3476
3426: 1179 2505 3572 3427 3123
3427: 2505 2876 3123 2504 3426 3611
3428: 2819 2818 3256 3257 2802 3429
3429: 919 2184 2818 3428 3257 2899
3430: 2421 3431 1894 1895 1796 1888
3431: 2263 3430 1889 1894 2262 1888
3432: 2351 1942 3105 2350 1431 3433
3433: 3541 3118 3432 1431 3540 3105
3434: 542 1891 3010 3011 3435
3435: 3010 542 3069 3434 1925 2853
3436: 1101 1747 3881 1746 3437 3313
3437: 3313 3881 3436 2799 3528 3529
3438: 2515 3160 2514 2497 3439
3439: 1453 2497 1604 3438 2248 2514
3440: 3365 3071 3441 1655 1487
3441: 2718 3440 2776 3092 3071 1655 2320 3093
3442: 2171 2188 3443 3522 3804
3443: 2188 317 3442 2336 3522 3523
3444: 1711 3445 2814 3639 3638 2313 3868 3869
3445: 3444 2313 2783 2782 2814
3446: 3212 2835 3213 2398 2246 2399 3447
3447: 1982 3446 2835 2246
3448: 3449 2827 2527 2155 2697 2154
3449: 3448 2156 2154 2697 3269
3450: 1991 3451 1990 1742 3458
3451: 3486 1494 3450 1991 1742 1495 729
3452: 546 2523 1343 2522 3453
3453: 1707 1153 1677 1343 3452 1676 2522
3454: 2334 2335 3455 3675 3248 3674
3455: 2040 3454 2408 2409 3248 3674
3456: 3457 1849 1465 3134 1464 3135 3348
3457: 3135 3348 3456 3349 2069
3458: 1742 1990 3450 3351 3459 3350
3459: 3350 1742 3458 2892 3858 3859
3460: 2687 3461 3171 1914 1846
3461: 2486 2614 3460 2714 1846 1914
3462: 542 1454 1455 382 2852 3463
3463: 313 2701 1455 3462 2852 3826 3827
3464: 523 1875 3465 3863
3465: 1026 1875 1874 3464 260 523
3466: 2537 3467 2536 2669 2593
3467: 1434 3466 2669 2593 3874
3468: 1433 3469 2195 901 1926 2129
3469: 3468 2702 2129 1926 2703
3470: 3570 2159 2158 2193 2552 3471
3471: 2159 3470 2731 3570 3618 3571
3472: 3048 3049 1954 3473 3515
3473: 2934 3048 3472 2570 1954
3474: 1491 1490 2051 2160 3475 3496
3475: 3496 2051 3304 3474 3305 3497
3476: 2338 3477 1393 3880 1101 3425
3477: 3476 2764 3425 2765 3880
3478: 3479 2321 2718 2719 2120 3218
3479: 3478 1738 3218 2120 3767
3480: 1942 2111 3526 1943 3481
3481: 3786 1867 2111 3480 3526 3815
3482: 2165 3369 3389 27 3483
3483: 1643 3369 3482 1507 3389
3484: 20 3485 2872 2590 1785 2591 3896
3485: 3484 2591 1784 2131 1785
3486: 1403 3487 3451 1495 729 1593
3487: 3486 1593 1403 1059 912
3488: 638 2087 603 3489 3187
3489: 3187 2839 3295 638 3488 2838
3490: 2155 2154 3374 3582 3491 3583
3491: 2840 2155 3490 3582 3530 3777
3492: 3822 3167 2555 2883 2554 3493
3493: 3167 2882 2924 3492 2883 2705
3494: 2636 1681 2123 3887 1620 3495
3495: 3887 2123 3494 1666 3886
3496: 2160 3475 3474 2161 3497 1745
3497: 2641 1745 3305 3475 3496 2640
3498: 1430 2150 1854 1758 2944 3499
3499: 2001 1430 3498 1758 775
3500: 3852 1552 2467 3501 3709
3501: 1505 2243 3500 2242 1552 3852
3502: 734 2190 2075 3503 3773
3503: 3203 734 3502 3663 3773
3504: 3505 1483 2776 2615 3376
3505: 248 3504 2938 2665 2615 62 1405
3506: 390 2149 2903 2902 2740 3507
3507: 390 2903 3506 2529 2021
3508: 1792 1793 2981 2980 2540 3509
3509: 1844 1682 2981 3508 3870 2540
3510: 2182 2183 3511 2944 2945
3511: 2626 1855 3510 2183 2627 2944 3796
3512: 1544 753 138 1692 3513 3266
3513: 3266 1692 3267 3512 2992
3514: 3233 2428 1955 3515 3049
3515: 1955 1954 3049 3514 3472
3516: 1698 1949 1699 2011 3517
3517: 2211 2210 1949 3516 1624 1699
3518: 3519 3082 2383 1815 2148 2382
3519: 3518 2148 2359 3082 2538
3520: 1322 3521 2004 2997 1801
3521: 2997 3520 3305 1801 3304 1610
3522: 3523 3209 3442 3208 3804 3443 3805
3523: 3522 2336 3443 732 3208
3524: 963 2199 3188 2264 3189 3525
3525: 2146 2199 3524 1871 2264
3526: 2351 3480 1943 3481 3527 1867
3527: 1866 1867 2350 2351 3526 3105
3528: 753 1692 3437 3529 3838 3880 3881
3529: 1693 2799 3528 1692 3437
3530: 3777 3531 3298 3491 2840 3299
3531: 2433 3530 3298 2432 1826 3777
3532: 1727 1726 1429 3533 3712 3713
3533: 2371 1429 2905 3532 1726 2904
3534: 2932 1786 1414 3535 653
3535: 653 2916 2907 2932 2933 3534 2906
3536: 2520 2677 2700 2701 2676 3537
3537: 313 3289 2520 3536 2701 2286
3538: 2935 3840 1840 2363 3539
3539: 1527 2363 3538 1840 1526
3540: 3104 3541 2847 3105 3433
3541: 3433 3540 3118 2847 2473
3542: 2482 2142 3654 2483 3543 3655
3543: 334 2142 3542 2483 2680
3544: 3355 2293 3545 3592 2292 380
3545: 3354 3544 2293 3355 1923
3546: 3153 1907 2386 1906 2379 3547
3547: 1907 218 3546 1354 2379
3548: 1731 1818 51 1819 3549 2926
3549: 2926 3779 1819 3548 2724 3778
3550: 2418 2376 3551 3711
3551: 2110 3095 2418 3550 3094 2376
3552: 3616 1545 3553 2553 3361 3617
3553: 3552 3361 3291 1545 1397
3554: 1595 2888 2933 2317 3555
3555: 1595 1594 2933 3554 2708 2906
3556: 3151 734 3260 3662 3557 3663
3557: 2914 2915 3151 3556 3662 1912
3558: 1606 1819 2261 3559 3712 3713
3559: 3251 3250 1819 3558 3779 3713
3560: 2070 3036 3037 2775 2607 3561
3561: 3768 2516 2607 3560 2517 3037
3562: 672 2089 2088 1402 1016 3563
3563: 208 1402 3149 3562 3148 1016
3564: 3098 1450 1918 1451 3565 1626
3565: 1451 1626 1631 1810 3564 1630
3566: 2091 2254 2255 2678 3567
3567: 1850 1851 2679 2091 3566 2678 3383
3568: 1260 3569 2859 2588 2858 2617
3569: 3568 2617 2588 2589 2044
3570: 3470 2192 2193 3139 3471 3571
3571: 2655 3138 3619 3570 3139 2654 3618 3471
3572: 1179 2271 3835 3426 3123 3834 3573
3573: 3122 2271 3572 3813 3123 3812
3574: 1718 260 3575 3234 1036 1026
3575: 3574 1718 1719 1372 260
3576: 2742 1622 3577 2743 3280 2771
3577: 3576 2770 2864 3281 2771 3280
3578: 3579 1032 1608 1609 1634 2651
3579: 3088 3578 3089 1065 1634 1609
3580: 2182 1492 1493 3581 3858 3859
3581: 3337 1488 3858 3580 2182 2019
3582: 3013 3490 3491 2840 3583
3583: 3374 2571 3013 3490 3582 3012 3375
3584: 3585 3046 2136 2372 1541
3585: 2348 3584 2373 2372 2136
3586: 2356 2442 2443 2568 633 3587 3103
3587: 65 3103 2568 3586 2569
3588: 3589 1900 3325 1409 1619
3589: 3588 1409 3324 1602 3325
3590: 3591 613 3676 2324 3605 3604 3677
3591: 3590 3398 10 3605 2324
3592: 3593 3544 2292 380 2754
3593: 3592 2865 2754 380 1449 2770
3594: 3595 2936 1768 2086 1961
3595: 2027 3594 2936 1961 1952
3596: 1591 3320 3597 3658 3771
3597: 3320 3596 1413 3658 3820 3821
3598: 1596 3263 1597 3599 909 3729
3599: 909 2077 3729 3598 3310 3728
3600: 1861 2191 1973 3601 474
3601: 510 474 1973 3600 3223
3602: 1569 2875 652 3603 1618 3792
3603: 1618 1619 3325 3793 3602 3324 3792
3604: 2472 3605 681 3590 2473 3677
3605: 3604 3590 3398 3591 2473 3399
3606: 3765 3164 2343 1882 3146 3607 1883
3607: 1883 2342 2343 3606 497
3608: 3044 3045 3052 3053 3774 1043 3609
3609: 2446 3045 3608 2823 3774 3775
3610: 1375 1647 891 2877 3611 2876
3611: 2876 3427 891 3610 2504
3612: 3613 3176 2288 1282 3096
3613: 3612 166 3097 3176 3096 3177
3614: 1011 3286 664 1937 3615 1936
3615: 1936 1469 3286 3287 3614 2179
3616: 3552 3617 1629 2117 1999 2553
3617: 3616 3552 1629 1545 1628
3618: 3619 3179 3471 3178 2731 3571
3619: 2654 3618 3178 3571 3658 3659
3620: 3836 3621 2501 3173 918 2500
3621: 3620 3321 3173 2500 1578
3622: 3623 3358 1713 2834 3715
3623: 3622 2398 3660 2834 3715 3714
3624: 1266 3625 2969 1375 1831
3625: 3624 1830 2877 1831 1375
3626: 3381 2884 2885 312 1525 3627 1664
3627: 1664 312 3626 1830
3628: 3129 3197 2339 3128 2352 3629 2266
3629: 1781 2266 2352 3628 2562
3630: 2144 2145 3000 2124 3631
3631: 3194 3195 2144 3630 1564 3000
3632: 3633 1500 3284 1501 2972 3193
3633: 3632 1870 3284 3193 2147
3634: 441 263 3635 2897 1958
3635: 3634 3120 2897 2846 2896 1958
3636: 2975 3637 2807 3724 2747 1896 3725
3637: 3636 1896 3725 2857
3638: 2313 2723 2683 3444 3639
3639: 1711 3444 2723 3638 2022
3640: 1425 2018 775 3842 1387 3641 3349
3641: 3349 3348 3640 3842 3843
3642: 900 2489 1538 3243 3643
3643: 2949 900 3642 1408 1538
3644: 670 3033 1884 3052 3645 1885
3645: 3033 670 3644 1960
3646: 2327 3647 2048 2049 1198 3668
3647: 1700 3646 1986 2049 3668
3648: 2278 2344 2978 2279 2979 3649 511
3649: 2344 3411 2978 3648 3410
3650: 2332 3414 3061 2215 3651
3651: 3061 3414 3650 3415 2554 3823 3822
3652: 3185 1930 3653 2394 1642 1179
3653: 1179 3652 1642 1969 2505
3654: 3340 3542 2439 2482 3341 3655
3655: 2142 3341 3654 3542 1694
3656: 208 3149 3657 2564 3882 1716
3657: 2564 3656 1537 1805 2565 1716
3658: 1413 3659 3596 3619 3597 3178 3771
3659: 3228 3658 2654 3619 3771
3660: 3623 3714 2398 2399 3661
3661: 66 2399 2929 3660 3714 3722 3723
3662: 3202 2914 3556 3557 3855 3663
3663: 3503 3202 3556 3662 734 3203
3664: 138 3210 3065 3266 2994 3665
3665: 3247 3210 3664 3246 3266
3666: 2736 1869 1662 2727 3667
3667: 2736 2010 1869 3666 1948 2011
3668: 3669 3646 3647 1198 2289 1986
3669: 3782 3668 2289 1198 1432 3783
3670: 2253 2184 3256 2185 3257 3671
3671: 1471 1470 2253 3670 2844 2185
3672: 664 3673 3818 1011 3893
3673: 3672 1531 1530 1011 3818
3674: 2097 3454 3455 2409 1442 3675
3675: 3072 3454 3674 1442 2334
3676: 2530 3590 3677 613 2531
3677: 3387 3676 3604 3590 2530 681
3678: 2766 2767 3080 832 3081 3679
3679: 2349 2766 3678 2869 3081
3680: 2605 3681 2603 590 1974 407
3681: 3017 3680 3016 1974 2843 407
3682: 1863 3006 2785 2803 1326 3683
3683: 2990 2991 3682 1326 2785
3684: 2574 1341 3736 1762 3685
3685: 3026 2186 2574 1341 3684 2575 3027
3686: 2168 3112 2169 1978 3687
3687: 1592 3112 3686 3230 2169
3688: 2742 3689 2177 1480 1623
3689: 3137 3688 1623 1480 507
3690: 1988 1479 2167 1395 3691
3691: 1838 2167 1479 3690 1903 3866 3867
3692: 187 3768 3382 3769 3693
3693: 1073 1850 3769 3382 3692 3383 2510
3694: 3695 1696 2793 1697 3345 3294
3695: 1255 3694 3294 2793 1550 2792
3696: 1798 2766 1833 3861 3697
3697: 2774 3828 2766 3696 2767 1833
3698: 2597 2886 3276 2596 3699
3699: 3319 2597 3698 1575 3276
3700: 2028 2202 1477 2666 2400 3701
3701: 1567 1477 3700 2666 1566
3702: 1723 2613 1520 2166 3703
3703: 1411 2166 3702 1520 635
3704: 1759 3705 3809 2000 3808 3824 3825
3705: 3704 1767 3824 3106 1759 3107
3706: 2928 2929 595 116 3707 2930
3707: 2222 2930 116 3706 1980
3708: 3709 2450 2466 2451 1730
3709: 1552 3708 2466 3500 1730 2467
3710: 3335 2377 3091 1670 3711 2418
3711: 2376 2418 2377 3710 3550
3712: 1606 3713 3558 3532 1429
3713: 3712 1727 3559 3532 3558 3250
3714: 2929 3715 3660 3661 2928 3623
3715: 595 1713 3714 3623 2928 2032 3622
3716: 403 3717 826 2625 2361
3717: 3716 2360 2361 403 1273 2005
3718: 1932 3085 1378 1933 3719 1303
3719: 1443 1303 3085 3718 581
3720: 2220 2238 3155 3274 2646 3721
3721: 3275 2220 3720 2221 3274
3722: 3212 2152 3661 2399 3723
3723: 66 1601 2152 3722 2786 3661
3724: 3254 992 3636 2974 2975 3725
3725: 2857 3637 992 3724 3636 2856
3726: 1153 1586 2522 2411 3727
3727: 2437 1586 3726 2411 1438
3728: 2779 3311 3729 3310 2164 3599
3729: 3599 1597 3728 2779 3102 3598
3730: 2650 2651 2053 192 3731 3378
3731: 3378 192 2357 3730 2443
3732: 2257 1616 2256 6 1407 3733
3733: 2318 1616 3732 6 146
3734: 636 3359 2163 177 3735
3735: 3734 2163 177 3894 3895
3736: 3684 1762 2574 3015 3737 3764 3765
3737: 3765 3147 3736 3015 3146
3738: 2788 2789 3877 981 3739 3198
3739: 2752 3198 2788 3738 2880
3740: 2544 2325 3741 1574 2524
3741: 2324 2325 3740 1574 3406 10
3742: 2458 2459 1541 1790 3743
3743: 2136 2225 2459 3742 2224 1541
3744: 2076 909 3032 3745 3879 3878
3745: 2076 3744 1546 1576 3878
3746: 784 1923 1729 2429 3747
3747: 2653 1923 2422 3746 1922 1729
3748: 2706 2501 1657 3749 3126
3749: 2500 3126 2501 3748 1510
3750: 3222 2698 3751 1360 3785
3751: 2698 1360 3386 2699 3750 2414
3752: 3753 2909 1739 1145 3766 3767
3753: 3752 3845 2623 2909 2391 3766
3754: 3755 2874 3308 1568
3755: 1568 2870 3754 1806 3308
3756: 1759 1766 2062 1758 1767 3757
3757: 2150 2062 3756 1758 1691
3758: 1632 3811 1777 1389 3759 3226
3759: 3811 3226 3758 673
3760: 2187 2575 2495 3761 3362
3761: 3362 3363 2575 3760 1394
3762: 2106 2225 2848 1876 3763
3763: 2100 2849 2106 3762 2385 2848
3764: 3765 2575 1394 2574 3736
3765: 3764 3606 3737 3146 1394 3736 3164
3766: 3767 3753 2623 3218 3752
3767: 3766 1738 1739 3479 3752 3218
3768: 3561 3037 3692 2517 3769 187
3769: 3693 3692 3037 2511 3768 2510
3770: 1591 3771 3229 1210 3228
3771: 3770 3658 1591 3659 3228 3596
3772: 3203 3369 27 3368 3773
3773: 3368 3203 3503 3772 3502 2190
3774: 3053 3608 1769 1768 3609 3775
3775: 2446 2447 3774 3609 1769
3776: 2432 3777 2827 2258 2155
3777: 3530 2155 3776 2432 3531 3491
3778: 213 2724 3251 3549 3779
3779: 3549 3559 3778 3251 1819
3780: 3781 2028 2203 3347 2029 3038 2871
3781: 3780 2870 2871 1807 3038
3782: 3817 1198 3669 2059 2058 3783
3783: 3846 3669 3782 1432 3817 3847
3784: 3222 3223 2576 510 3785
3785: 148 2698 3222 3784 2576 3750
3786: 3787 3481 1867 3815 263
3787: 3786 3125 2830 263 3814 3815
3788: 1956 3004 2380 1957 3789 2272
3789: 2272 2273 3788 2380
3790: 3791 1387 1946 3142 3842
3791: 3842 3790 3143 2194 3843 3142 3271
3792: 3308 2874 3602 2875 3793 3603
3793: 1602 3324 3603 3792
3794: 1822 2425 3390 3391 2879 3795
3795: 3087 1822 3794 3391 3850 3851
3796: 2115 2627 3511 2114 1920 3797 2183
3797: 2183 2115 3796 2692
3798: 3799 542 382 2240 1891
3799: 3798 2241 3278 2240 2600 1891
3800: 3338 3801 1036 3235
3801: 3086 3800 3338 1036 3391 1332
3802: 3409 1721 1908 1909 2237 3803
3803: 3292 1721 3802 1909 2009
3804: 3805 3522 2171 3442 1613
3805: 1612 1613 3804 3522 3209 3307
3806: 1456 3807 2917 2161 1508 1745
3807: 1744 3806 2910 1745 1456
3808: 3135 3809 2227 3825 3704
3809: 3808 3704 3135 2069 2000
3810: 1776 2923 1777 2922 3811 3864 3865
3811: 3759 2922 3758 3810 1777 673
3812: 2885 2952 3122 3813 3573
3813: 2952 3090 3573 928 3812 2271
3814: 1669 3787 3094 2830 3815
3815: 2111 3786 3787 3814 3481 3094
3816: 2985 2058 3133 2984 3817
3817: 3782 2058 3816 2984 3783 3847
3818: 3819 3672 3673 3893 2811 1531 3372 3892
3819: 2403 3818 3372 2811
3820: 1413 3597 2586 3821
3821: 1579 3320 2586 3820 3597 1578
3822: 3823 3492 591 2883 2554 3651
3823: 3415 3822 3651 591
3824: 591 3825 3705 3704 3106 2226
3825: 3824 3808 3704 2226 2227
3826: 2701 2251 3463 3063 3827
3827: 2251 3826 1455 3463
3828: 3697 2774 2767 3829 3300
3829: 3300 2606 3301 2774 3828 2108
3830: 2547 2979 3191 2546 2978 3831
3831: 428 2905 3191 3830 2546 2174
3832: 2256 3833 2257 2393 2392
3833: 3832 2392 2256 2707 2851
3834: 2394 2395 3572 1179 3835
3835: 3572 2271 2395 3834 1460 2270
3836: 1276 3620 3173 918 3837
3837: 2851 2850 1276 3836 705 918
3838: 3880 753 2765 1628 3528 3839
3839: 1629 3838 2765 1628
3840: 2934 3538 1954 2935 2363 3841
3841: 1675 3840 2363 1954
3842: 3791 3640 3641 3790 1387 3843
3843: 1465 3791 3641 3842 3348 3271
3844: 2367 3845 3162 2777 2623
3845: 3753 3844 3162 2623 2391
3846: 3783 600 3253 1432 3847
3847: 2984 3783 2578 3846 3817 3253
3848: 3022 1477 3416 3241 3849 1476
3849: 2400 1477 3241 3848 2401
3850: 1559 1822 3795 1823 3851
3851: 3087 1559 3850 2340 3795
3852: 2242 3500 3853 3501 2467 2135
3853: 3852 2135 2242 1588 2134
3854: 1577 3031 1576 3202 3855
3855: 1577 3662 3854 2914 3202
3856: 544 3857 2100 1359 832
3857: 3080 3856 2100 832 2849
3858: 3859 1488 3581 3580 2892 3459
3859: 3858 3350 3580 1492 3459
3860: 1799 2869 2766 3371 3861
3861: 3696 1799 3860 2766 1798
3862: 3863 2341 2300 2301
3863: 1875 3862 523 2341 2301 3464
3864: 2940 3865 2296 2923 3327 3810
3865: 1776 3864 2296 3810
3866: 1839 3691 1523 1838 3867
3867: 1522 3691 3866 1523 1479
3868: 1710 3444 1711 3869
3869: 2814 1710 3868 3444 1445
3870: 3509 2981 1682 3871
3871: 1733 1498 2981 3870 1499 1682
3872: 2859 1260 1748 1749 3873
3873: 2729 1748 3872 1260 2006
3874: 2669 1434 3467 2688 3875 1673
3875: 2669 1673 2054 3874 1672
3876: 442 2989 3877 1403 981 1059
3877: 3876 3738 1059 981 2789
3878: 1546 1547 3879 2026 3745 3744
3879: 3032 3033 3878 2026 3744 1960
3880: 3838 2765 3476 3477 3528 1101 3881
3881: 3436 3437 3880 3528 1101
3882: 3883 3656 3149 1716 2610 2611
3883: 3882 814 2611 3149 3148
3884: 2895 2894 1913 3885 2915
3885: 2915 2895 1571 3884 1577
3886: 1638 1666 3495 1639 3887
3887: 3495 1602 3494 1638 2636 3886 1839
3888: 2528 2820 2529 3889
3889: 2820 3058 2346 2528 3888 2347 2291
3890: 3891 2166 2613 1988 1989
3891: 3890 2963 2613 1989 2532
3892: 178 3893 2810 1937 2811 664 3818
3893: 3892 3818 3672 664
3894: 2163 3895 3735 2295 2761
3895: 3894 2761 3735 2440 177
3896: 2872 20 3484 3897 3010
3897: 3010 2872 3236 3896 3068
3898: 166 2954 2042 2043 3899 1654
3899: 1654 2954 3898 3093
