6.096256684491978994e+00
5.347593582887700397e-02
8.021390374331547335e-01
8.823529411764707842e-01
9.358288770053477812e-01
1.470588235294116419e+00
1.737967914438502959e+00
1.711229946524064571e+00
2.192513368983957989e+00
2.005347593582888166e+00
2.914438502673794229e+00
3.181818181818178992e+00
3.021390374331554884e+00
2.860962566844917454e+00
2.673796791443853849e+00
3.048128342245986833e+00
3.529411764705879140e+00
2.994652406417116719e+00
2.994652406417110058e+00
2.807486631016046452e+00
2.192513368983955324e+00
2.326203208556147484e+00
2.272727272727270709e+00
2.192513368983955324e+00
1.925133689839579221e+00
1.978609625668447336e+00
1.951871657754008949e+00
1.684491978609624185e+00
7.219251336898390159e-01
8.288770053475964517e-01
1.042780748663100665e+00
8.021390374331542894e-01
9.893048128342236680e-01
6.951871657754004064e-01
6.149732620320877974e-01
8.556149732620312864e-01
5.882352941176465233e-01
7.486631016042775144e-01
5.614973262032080248e-01
7.754010695187193436e-01
7.754010695187124602e-01
5.882352941176491878e-01
6.684491978609649054e-01
7.219251336898357962e-01
4.010695187165789766e-01
4.010695187165754239e-01
5.882352941176491878e-01
3.475935828876987044e-01
1.604278074866315740e-01
2.673796791443859844e-01
3.208556149732603169e-01
1.871657754010702113e-01
1.604278074866301584e-01
1.336898395721929922e-01
1.069518716577543965e-01
5.347593582887671948e-02
1.604278074866315740e-01
2.673796791443835974e-02
5.347593582887719826e-02
2.673796791443859913e-02
2.673796791443835974e-02
0.000000000000000000e+00
2.673796791443835974e-02
0.000000000000000000e+00
2.673796791443859913e-02
0.000000000000000000e+00
0.000000000000000000e+00
2.673796791443835974e-02
2.673796791443859913e-02
2.673796791443859913e-02
0.000000000000000000e+00
0.000000000000000000e+00
0.000000000000000000e+00
0.000000000000000000e+00
0.000000000000000000e+00
0.000000000000000000e+00
0.000000000000000000e+00
0.000000000000000000e+00
0.000000000000000000e+00
2.673796791443859913e-02
