6.120948880721684304e+00
5.345806882726361620e-02
8.018710324089539654e-01
8.820581356498498060e-01
9.355162044771133667e-01
1.470096892749748196e+00
1.737387236886067887e+00
1.710658202472435940e+00
2.191780821917808986e+00
2.004677581022385802e+00
2.913464751085864446e+00
3.180755095222182138e+00
3.020380888740398451e+00
2.860006682258600996e+00
2.672903441363184474e+00
3.047109923154023736e+00
3.528232542599395671e+00
2.993651854326766504e+00
2.993651854326759842e+00
2.806548613431343320e+00
2.191780821917806321e+00
2.325425993985965167e+00
2.271967925158701718e+00
2.191780821917806321e+00
1.924490477781497066e+00
1.977948546608751856e+00
1.951219512195120132e+00
1.683929168058802439e+00
7.216839291680582358e-01
8.286000668225889099e-01
1.042432342131639489e+00
8.018710324089535213e-01
9.889742733043759282e-01
6.949548947544263999e-01
6.147677915135337789e-01
8.553291012362170820e-01
5.880387570998992786e-01
7.484129635816899606e-01
5.613097226862674427e-01
7.751419979953251271e-01
7.751419979953183548e-01
5.880387570999019431e-01
6.682258603407975617e-01
7.216839291680550161e-01
4.009355162044785370e-01
4.009355162044749843e-01
5.880387570999019431e-01
3.474774473772117012e-01
1.603742064817914037e-01
2.672903441363190247e-01
3.207484129635799763e-01
1.871032408954233228e-01
1.603742064817899882e-01
1.336451720681595123e-01
1.069161376545276071e-01
5.345806882726333170e-02
1.603742064817914037e-01
2.672903441363166585e-02
5.345806882726380355e-02
2.672903441363190177e-02
2.672903441363166585e-02
0.000000000000000000e+00
2.672903441363166585e-02
0.000000000000000000e+00
2.672903441363190177e-02
0.000000000000000000e+00
0.000000000000000000e+00
2.672903441363166585e-02
2.672903441363190177e-02
2.672903441363190177e-02
0.000000000000000000e+00
0.000000000000000000e+00
0.000000000000000000e+00
0.000000000000000000e+00
0.000000000000000000e+00
0.000000000000000000e+00
0.000000000000000000e+00
0.000000000000000000e+00
0.000000000000000000e+00
2.672903441363190177e-02
