5.972547706729160133e+00
5.356545028456645430e-02
8.034817542684965508e-01
8.838299296953466833e-01
9.373953799799130682e-01
1.473049882825576251e+00
1.740877134248410174e+00
1.714094409106126760e+00
2.196183461667225334e+00
2.008704385671242321e+00
2.919317040508869532e+00
3.187144291931701012e+00
3.026447941078008963e+00
2.865751590224302703e+00
2.678272514228326351e+00
3.053230666220285272e+00
3.535319718781383180e+00
2.999665215935725548e+00
2.999665215935718887e+00
2.812186139939742535e+00
2.196183461667222669e+00
2.330097087378638854e+00
2.276531637094072025e+00
2.196183461667222669e+00
1.928356210244399405e+00
1.981921660528956908e+00
1.955138935386673715e+00
1.687311683963841791e+00
7.231335788416465293e-01
8.302644794107829629e-01
1.044526280549044950e+00
8.034817542684961067e-01
9.909608302644784539e-01
6.963508536993633369e-01
6.160026782725164241e-01
8.570472045530624916e-01
5.892199531302304560e-01
7.499163039839297218e-01
5.624372279879472636e-01
7.766990291262163559e-01
7.766990291262094726e-01
5.892199531302331206e-01
6.695681285570830310e-01
7.231335788416433097e-01
4.017408771342498297e-01
4.017408771342462770e-01
5.892199531302331206e-01
3.481754268496801141e-01
1.606963508536999319e-01
2.678272514228332013e-01
3.213927017073970327e-01
1.874790759959832631e-01
1.606963508536985163e-01
1.339136257114166006e-01
1.071309005691332833e-01
5.356545028456616980e-02
1.606963508536999319e-01
2.678272514228308490e-02
5.356545028456664165e-02
2.678272514228332082e-02
2.678272514228308490e-02
0.000000000000000000e+00
2.678272514228308490e-02
0.000000000000000000e+00
2.678272514228332082e-02
0.000000000000000000e+00
0.000000000000000000e+00
2.678272514228308490e-02
2.678272514228332082e-02
2.678272514228332082e-02
0.000000000000000000e+00
0.000000000000000000e+00
0.000000000000000000e+00
0.000000000000000000e+00
0.000000000000000000e+00
0.000000000000000000e+00
0.000000000000000000e+00
0.000000000000000000e+00
0.000000000000000000e+00
2.678272514228332082e-02
