5.947756195579370520e+00
5.358338914936369712e-02
8.037508372404551515e-01
8.841259209645011552e-01
9.377093101138648246e-01
1.473543201607500519e+00
1.741460147354320531e+00
1.714668452779638530e+00
2.196918955123912109e+00
2.009377093101138989e+00
2.920294708640319037e+00
3.188211654387136829e+00
3.027461486939053259e+00
2.866711319490955479e+00
2.679169457468188575e+00
3.054253181513728155e+00
3.536503683858001068e+00
3.000669792364371258e+00
3.000669792364364596e+00
2.813127930341597693e+00
2.196918955123909889e+00
2.330877427997318563e+00
2.277294038847955004e+00
2.196918955123909889e+00
1.929002009377100091e+00
1.982585398526454989e+00
1.955793703951773210e+00
1.687876758204954974e+00
7.233757535164092589e-01
8.305425318151401504e-01
1.044876088412591164e+00
8.037508372404547075e-01
9.912926992632274947e-01
6.965840589417274797e-01
6.162089752176846957e-01
8.573342263898183768e-01
5.894172806430001410e-01
7.501674480910911491e-01
5.626255860683182508e-01
7.769591426657763700e-01
7.769591426657694866e-01
5.894172806430028055e-01
6.697923643670485871e-01
7.233757535164061503e-01
4.018754186202291856e-01
4.018754186202255774e-01
5.894172806430028055e-01
3.482920294708621856e-01
1.607501674480916742e-01
2.679169457468194571e-01
3.215003348961804619e-01
1.875418620227736199e-01
1.607501674480902309e-01
1.339584728734097285e-01
1.071667782987277689e-01
5.358338914936341263e-02
1.607501674480916742e-01
2.679169457468170631e-02
5.358338914936388447e-02
2.679169457468194224e-02
2.679169457468170631e-02
0.000000000000000000e+00
2.679169457468170631e-02
0.000000000000000000e+00
2.679169457468194224e-02
0.000000000000000000e+00
0.000000000000000000e+00
2.679169457468170631e-02
2.679169457468194224e-02
2.679169457468194224e-02
0.000000000000000000e+00
0.000000000000000000e+00
0.000000000000000000e+00
0.000000000000000000e+00
0.000000000000000000e+00
0.000000000000000000e+00
0.000000000000000000e+00
0.000000000000000000e+00
0.000000000000000000e+00
2.679169457468194224e-02
