6.046822742474916801e+00
5.351170568561872815e-02
8.026755852842806238e-01
8.829431438127092191e-01
9.364548494983279125e-01
1.471571906354513848e+00
1.739130434782609091e+00
1.712374581939799745e+00
2.193979933110368652e+00
2.006688963210702781e+00
2.916387959866218349e+00
3.183946488294311372e+00
3.023411371237462397e+00
2.862876254180599656e+00
2.675585284280940002e+00
3.050167224080265083e+00
3.531772575250832880e+00
2.996655518394653051e+00
2.996655518394646389e+00
2.809364548494986735e+00
2.193979933110365987e+00
2.327759197324412721e+00
2.274247491638794028e+00
2.193979933110365987e+00
1.926421404682281180e+00
1.979933110367891214e+00
1.953177257525081867e+00
1.685618729096988400e+00
7.224080267558522506e-01
8.294314381270931902e-01
1.043478260869564300e+00
8.026755852842801797e-01
9.899665551839456068e-01
6.956521739130429038e-01
6.153846153846176392e-01
8.561872909698988732e-01
5.886287625418055169e-01
7.491638795986615973e-01
5.618729096989961702e-01
7.759197324414742747e-01
7.759197324414675023e-01
5.886287625418081815e-01
6.688963210702364437e-01
7.224080267558490309e-01
4.013377926421419217e-01
4.013377926421383135e-01
5.886287625418081815e-01
3.478260869565198976e-01
1.605351170568567465e-01
2.675585284280945775e-01
3.210702341137106619e-01
1.872909698996662320e-01
1.605351170568553310e-01
1.337792642140472887e-01
1.070234113712378449e-01
5.351170568561844365e-02
1.605351170568567465e-01
2.675585284280922183e-02
5.351170568561892243e-02
2.675585284280946122e-02
2.675585284280922183e-02
0.000000000000000000e+00
2.675585284280922183e-02
0.000000000000000000e+00
2.675585284280946122e-02
0.000000000000000000e+00
0.000000000000000000e+00
2.675585284280922183e-02
2.675585284280946122e-02
2.675585284280946122e-02
0.000000000000000000e+00
0.000000000000000000e+00
0.000000000000000000e+00
0.000000000000000000e+00
0.000000000000000000e+00
0.000000000000000000e+00
0.000000000000000000e+00
0.000000000000000000e+00
0.000000000000000000e+00
2.675585284280946122e-02
