6.036928017126037105e+00
5.351886540005351689e-02
8.027829810008025868e-01
8.830612791008832785e-01
9.365801445009368509e-01
1.471768798501470465e+00
1.739363125501739882e+00
1.712603692801712985e+00
2.194273481402194914e+00
2.006957452502007300e+00
2.916778164302914256e+00
3.184372491303181452e+00
3.023815895103027618e+00
2.863259298902860905e+00
2.675943270002679508e+00
3.050575327803047632e+00
3.532245116403529117e+00
2.997056462403000943e+00
2.997056462402994725e+00
2.809740433502813772e+00
2.194273481402192250e+00
2.328070644902326070e+00
2.274551779502272719e+00
2.194273481402192250e+00
1.926679154401933491e+00
1.980198019801978404e+00
1.953438587101951729e+00
1.685844260101684311e+00
7.225046829007218951e-01
8.295424137008324816e-01
1.043617875301042552e+00
8.027829810008020317e-01
9.900990099009892020e-01
6.957452502006951089e-01
6.154669521006176369e-01
8.563018464008556041e-01
5.887075194005881862e-01
7.492641156007486813e-01
5.619480867005615110e-01
7.760235483007787982e-01
7.760235483007719148e-01
5.887075194005907397e-01
6.689858175006714314e-01
7.225046829007185645e-01
4.013914905004027922e-01
4.013914905003992395e-01
5.887075194005907397e-01
3.478726251003460557e-01
1.605565962001611335e-01
2.675943270002685281e-01
3.211131924003194360e-01
1.873160289001879752e-01
1.605565962001597180e-01
1.337971635001342641e-01
1.070377308001074224e-01
5.351886540005323933e-02
1.605565962001611335e-01
2.675943270002661967e-02
5.351886540005371118e-02
2.675943270002685559e-02
2.675943270002661967e-02
0.000000000000000000e+00
2.675943270002661967e-02
0.000000000000000000e+00
2.675943270002685559e-02
0.000000000000000000e+00
0.000000000000000000e+00
2.675943270002661967e-02
2.675943270002685559e-02
2.675943270002685559e-02
0.000000000000000000e+00
0.000000000000000000e+00
0.000000000000000000e+00
0.000000000000000000e+00
0.000000000000000000e+00
0.000000000000000000e+00
0.000000000000000000e+00
0.000000000000000000e+00
0.000000000000000000e+00
2.675943270002685559e-02
